energy,eta,phi,time,detid,front_1_x,front_1_y,front_1_z,front_2_x,front_2_y,front_2_z,front_3_x,front_3_y,front_3_z,front_4_x,front_4_y,front_4_z,back_1_x,back_1_y,back_1_z,back_2_x,back_2_y,back_2_z,back_3_x,back_3_y,back_3_z,back_4_x,back_4_y,back_4_z
0.388914,-1.57666,-2.9816,14.026,872415915,-1.35656,-0.23542,-3.21855,-1.3839,-0.23542,-3.21027,-1.38427,-0.20688,-3.21148,-1.35692,-0.20688,-3.21975,-1.42017,-0.246474,-3.42886,-1.44884,-0.246474,-3.42019,-1.44922,-0.216553,-3.42145,-1.42056,-0.216553,-3.43012
0.979926,-1.57962,-3.00239,2.23496,872415916,-1.35687,-0.206319,-3.21958,-1.38422,-0.206319,-3.21131,-1.38453,-0.177772,-3.21234,-1.35718,-0.177772,-3.22061,-1.42051,-0.215992,-3.42995,-1.44917,-0.215992,-3.42128,-1.4495,-0.186064,-3.42236,-1.42083,-0.186064,-3.43104
1.05978,-1.76148,-2.54654,-1.05141,872417693,-0.926008,-0.650704,-3.20854,-0.953986,-0.650682,-3.20276,-0.954724,-0.622362,-3.20645,-0.926746,-0.622385,-3.21222,-0.970078,-0.681015,-3.42194,-0.99941,-0.680992,-3.41589,-1.00018,-0.651302,-3.41975,-0.970851,-0.651326,-3.4258
0.554571,-1.77537,-2.56825,-14.9589,872417694,-0.926757,-0.621837,-3.21228,-0.954735,-0.621815,-3.20651,-0.955437,-0.593472,-3.21002,-0.927458,-0.593494,-3.21579,-0.970863,-0.650778,-3.42587,-1.00019,-0.650755,-3.41981,-1.00093,-0.621041,-3.42349,-0.971599,-0.621065,-3.42955
0.540463,-1.64556,2.39261,2.47615,872417744,-0.95275,0.858229,-3.19663,-0.951731,0.886324,-3.19155,-0.923753,0.886352,-3.19733,-0.924772,0.858257,-3.2024,-0.997887,0.898089,-3.40823,-0.996818,0.927543,-3.40291,-0.967487,0.927573,-3.40897,-0.968556,0.898118,-3.41429
0.765261,-1.9505,2.9336,-4.02035,872417849,-0.924101,0.177772,-3.20169,-0.92389,0.206319,-3.20063,-0.895876,0.20632,-3.20623,-0.896087,0.177772,-3.20728,-0.968521,0.186064,-3.417,-0.968299,0.215992,-3.41589,-0.93893,0.215992,-3.42176,-0.939151,0.186064,-3.42287
2.07576,-1.94377,2.90314,4.51091,872417850,-0.923925,0.20688,-3.20081,-0.92368,0.23542,-3.19957,-0.895665,0.23542,-3.20517,-0.895911,0.20688,-3.2064,-0.968334,0.216553,-3.41607,-0.968076,0.246474,-3.41477,-0.938706,0.246474,-3.42064,-0.938964,0.216553,-3.42193
0.795132,-2.05912,2.98109,48.2763,872418231,-0.830003,0.117805,-3.18463,-0.829877,0.146364,-3.18392,-0.801755,0.146364,-3.18895,-0.801881,0.117805,-3.18966,-0.870092,0.123335,-3.40088,-0.86996,0.153275,-3.40014,-0.840478,0.153275,-3.40541,-0.840611,0.123335,-3.40615
1.18194,-2.22686,-2.72858,3.86098,872418985,-0.623251,-0.293632,-3.18998,-0.651547,-0.293626,-3.18605,-0.651764,-0.265104,-3.18765,-0.623467,-0.26511,-3.19158,-0.653468,-0.307446,-3.40746,-0.683133,-0.30744,-3.40334,-0.683361,-0.277538,-3.40502,-0.653696,-0.277544,-3.40914
3.48241,-2.31252,-3.11714,-4.54026,872418994,-0.623337,-0.0298764,-3.19061,-0.651633,-0.0298763,-3.18668,-0.651633,-0.00130834,-3.18668,-0.623337,-0.00130837,-3.19061,-0.653608,-0.0312592,-3.40852,-0.683274,-0.0312591,-3.4044,-0.683274,-0.00130913,-3.4044,-0.653608,-0.00130916,-3.40852
1.06804,-2.24164,-2.57212,4.64285,872419238,-0.561671,-0.383005,-3.1816,-0.590019,-0.38296,-3.17806,-0.590241,-0.354473,-3.1802,-0.561893,-0.354518,-3.18374,-0.588861,-0.40095,-3.39918,-0.61858,-0.400903,-3.39547,-0.618813,-0.371038,-3.39772,-0.589094,-0.371085,-3.40143
3.9771,-2.40654,-3.06406,49.6572,872419249,-0.561335,-0.0589946,-3.17814,-0.589683,-0.0589946,-3.1746,-0.589705,-0.0304272,-3.17478,-0.561357,-0.0304272,-3.17832,-0.588586,-0.0617597,-3.39643,-0.618305,-0.0617597,-3.39272,-0.618328,-0.0318102,-3.39291,-0.588609,-0.0318103,-3.39662
0.722069,-1.76571,2.10954,20.5899,872419283,-0.591252,0.950919,-3.19085,-0.590677,0.978912,-3.18517,-0.562329,0.979046,-3.18871,-0.562904,0.951054,-3.19438,-0.619509,0.994832,-3.40456,-0.618906,1.02418,-3.39861,-0.589187,1.02432,-3.40232,-0.58979,0.994973,-3.40827
0.631063,-1.74389,2.09636,-7.78612,872419284,-0.590718,0.979534,-3.18544,-0.590121,1.00749,-3.17959,-0.561773,1.00762,-3.18313,-0.56237,0.979669,-3.18898,-0.618946,1.0248,-3.39888,-0.618321,1.05411,-3.39275,-0.588601,1.05425,-3.39645,-0.589227,1.02494,-3.40259
0.787497,-2.25303,-2.51263,15.1984,872419365,-0.532483,-0.412059,-3.18248,-0.560853,-0.412025,-3.17912,-0.561094,-0.383552,-3.18144,-0.532724,-0.383586,-3.1848,-0.558289,-0.431383,-3.40011,-0.588031,-0.431348,-3.39658,-0.588283,-0.401497,-3.39901,-0.558541,-0.401533,-3.40254
0.695045,-2.28813,-2.48651,-3.3714,872419493,-0.503498,-0.412057,-3.18533,-0.531888,-0.412035,-3.18215,-0.532125,-0.383562,-3.18447,-0.503735,-0.383584,-3.18765,-0.52793,-0.431383,-3.40312,-0.557693,-0.431359,-3.39978,-0.557942,-0.401509,-3.40222,-0.528179,-0.401533,-3.40555
1.17674,-2.36585,2.60173,-9.2188,872419517,-0.532656,0.296365,-3.18988,-0.532479,0.324876,-3.18809,-0.504089,0.324899,-3.19128,-0.504266,0.296387,-3.19306,-0.558503,0.310176,-3.40792,-0.558317,0.340067,-3.40605,-0.528554,0.34009,-3.40939,-0.52874,0.3102,-3.41126
0.882773,-2.42109,2.50576,5.42714,872419774,-0.474557,0.325448,-3.19416,-0.474362,0.353947,-3.1922,-0.445934,0.353947,-3.19502,-0.446129,0.325448,-3.19699,-0.497646,0.34064,-3.41242,-0.497441,0.370519,-3.41036,-0.467638,0.370519,-3.41333,-0.467843,0.34064,-3.41538
2.67431,-2.39074,2.46591,-0.116958,872419775,-0.474378,0.354513,-3.19236,-0.474165,0.383,-3.19022,-0.445737,0.383,-3.19304,-0.44595,0.354513,-3.19518,-0.497457,0.371084,-3.41052,-0.497234,0.400949,-3.40827,-0.467431,0.400949,-3.41124,-0.467654,0.371084,-3.41348
2.35872,-2.20745,-2.11832,48.0177,872420126,-0.356124,-0.621839,-3.19569,-0.384603,-0.621794,-3.19344,-0.38484,-0.593452,-3.19701,-0.35636,-0.593497,-3.19926,-0.373308,-0.650779,-3.4131,-0.403165,-0.650732,-3.41075,-0.403413,-0.621018,-3.41449,-0.373556,-0.621065,-3.41685
1.67871,-2.67562,-2.26051,-28.3245,872420519,-0.265894,-0.353953,-3.18176,-0.294414,-0.353908,-3.1801,-0.294483,-0.325408,-3.18207,-0.265964,-0.325453,-3.18373,-0.278672,-0.37052,-3.40076,-0.308572,-0.370472,-3.39902,-0.308645,-0.340594,-3.40109,-0.278746,-0.340641,-3.40283
2.87674,-2.71712,-2.20732,7.87432,872420647,-0.236778,-0.353951,-3.18268,-0.265307,-0.353917,-3.1812,-0.265376,-0.325417,-3.18317,-0.236846,-0.325451,-3.18466,-0.248176,-0.370519,-3.40177,-0.278085,-0.370484,-3.40021,-0.278157,-0.340606,-3.40228,-0.248247,-0.340641,-3.40383
0.931573,-2.60947,2.13359,-9.53277,872420672,-0.265263,0.383552,-3.17956,-0.265176,0.412025,-3.17723,-0.236646,0.412059,-3.17871,-0.236734,0.383586,-3.18104,-0.278037,0.401497,-3.39846,-0.277946,0.431348,-3.39602,-0.248036,0.431383,-3.39757,-0.248127,0.401533,-3.40001
1.8978,-2.41328,2.02307,4.85637,872420676,-0.265401,0.50255,-3.18406,-0.265293,0.530956,-3.18102,-0.236764,0.531006,-3.1825,-0.236871,0.502601,-3.18554,-0.278168,0.525997,-3.40244,-0.278055,0.555777,-3.39925,-0.248145,0.55583,-3.4008,-0.248258,0.52605,-3.40399
2.88213,-2.58694,2.04996,-3.63095,872420801,-0.236101,0.412637,-3.17888,-0.236009,0.441095,-3.17638,-0.207471,0.441117,-3.17768,-0.207563,0.41266,-3.18019,-0.24749,0.431962,-3.39774,-0.247393,0.461796,-3.39511,-0.217475,0.46182,-3.39648,-0.217571,0.431985,-3.39911
1.25619,-2.24199,-1.8122,-9.95016,872421020,-0.149493,-0.679573,-3.18714,-0.178045,-0.679574,-3.18619,-0.178176,-0.651278,-3.19013,-0.149623,-0.651278,-3.19107,-0.156714,-0.711254,-3.40473,-0.186648,-0.711254,-3.40374,-0.186784,-0.681589,-3.40786,-0.156851,-0.681589,-3.40886
3.64698,-2.763,1.98859,1.36794,872421055,-0.178015,0.354513,-3.18474,-0.177944,0.383,-3.18259,-0.149392,0.383,-3.18353,-0.149463,0.354513,-3.18568,-0.186649,0.371084,-3.40395,-0.186575,0.400949,-3.40169,-0.156641,0.400949,-3.40268,-0.156716,0.371084,-3.40494
4.2157,-2.37381,1.84807,-0.758584,872421062,-0.177917,0.5606,-3.18202,-0.177805,0.588965,-3.17862,-0.149252,0.588965,-3.17957,-0.149365,0.5606,-3.18297,-0.18653,0.5868,-3.40029,-0.186412,0.616537,-3.39672,-0.156479,0.616537,-3.39772,-0.156597,0.5868,-3.40128
1.58005,-2.32757,1.83453,3.81902,872421063,-0.178417,0.593493,-3.1974,-0.178298,0.621836,-3.19382,-0.149746,0.621836,-3.19477,-0.149865,0.593493,-3.19834,-0.187038,0.621064,-3.4155,-0.186913,0.650778,-3.41174,-0.15698,0.650778,-3.41274,-0.157104,0.621064,-3.41649
1.01188,-2.3379,1.78574,6.57615,872421191,-0.146937,0.593414,-3.19292,-0.146937,0.621757,-3.18934,-0.118378,0.621847,-3.19005,-0.118378,0.593504,-3.19364,-0.153885,0.620972,-3.41108,-0.153884,0.650686,-3.40733,-0.123944,0.65078,-3.40808,-0.123945,0.621066,-3.41183
2.95105,-2.83109,-1.76995,-5.73102,872421414,-0.0601383,-0.383001,-3.17877,-0.088704,-0.382979,-3.17841,-0.0887086,-0.354492,-3.18056,-0.0601429,-0.354514,-3.18092,-0.0629148,-0.40095,-3.39802,-0.0928624,-0.400926,-3.39765,-0.0928672,-0.371061,-3.3999,-0.0629196,-0.371085,-3.40028
4.07332,-2.88336,-0.899812,13.0509,872422697,0.236077,-0.265099,-3.178,0.236014,-0.293621,-3.17639,0.207476,-0.293632,-3.17769,0.207538,-0.26511,-3.1793,0.247475,-0.277532,-3.39736,0.24741,-0.307434,-3.39566,0.217491,-0.307446,-3.39703,0.217556,-0.277544,-3.39872
3.47392,-2.88982,-0.784073,0.693666,872422826,0.265209,-0.235976,-3.17776,0.265151,-0.264508,-3.17633,0.236622,-0.264525,-3.17781,0.236679,-0.235993,-3.17925,0.277991,-0.247028,-3.39712,0.27793,-0.27694,-3.39561,0.248021,-0.276958,-3.39717,0.248081,-0.247046,-3.39867
1.89153,-2.4088,-1.00187,-1.98257,872423074,0.326283,-0.473602,-3.19397,0.326093,-0.502026,-3.19111,0.297588,-0.502026,-3.193,0.297777,-0.473602,-3.19586,0.342126,-0.49568,-3.41229,0.341927,-0.525479,-3.40929,0.312043,-0.525479,-3.41127,0.312241,-0.49568,-3.41427
1.3232,-2.86077,-0.552436,-5.96046,872423084,0.325817,-0.177772,-3.18674,0.325746,-0.206319,-3.18567,0.297241,-0.206319,-3.18756,0.297312,-0.177772,-3.18863,0.341707,-0.186064,-3.40602,0.341632,-0.215992,-3.40489,0.311747,-0.215992,-3.40687,0.311822,-0.186064,-3.40799
0.34759,-1.90093,-1.11497,-3.7801,872423573,0.442043,-0.858157,-3.17923,0.441682,-0.886252,-3.17407,0.413233,-0.886364,-3.17667,0.413594,-0.858269,-3.18183,0.46326,-0.898003,-3.39456,0.462882,-0.927457,-3.38914,0.433056,-0.927575,-3.39187,0.433435,-0.89812,-3.39728
1.08311,-1.92789,-1.10129,8.94787,872423574,0.442338,-0.829379,-3.18375,0.441994,-0.857506,-3.17876,0.413544,-0.857619,-3.18136,0.413889,-0.829492,-3.18635,0.463572,-0.867865,-3.39932,0.463211,-0.897353,-3.39409,0.433385,-0.89747,-3.39681,0.433747,-0.867982,-3.40204
2.14361,-2.61089,-0.22037,5.84163,872423727,0.47385,-0.0886745,-3.18697,0.473797,-0.117237,-3.18643,0.445369,-0.117237,-3.18926,0.445422,-0.0886745,-3.18979,0.496977,-0.092822,-3.40572,0.496921,-0.122767,-3.40515,0.467118,-0.122767,-3.40811,0.467174,-0.092822,-3.40868
1.70637,-2.45069,0.593523,10.3047,872423741,0.446132,0.324897,-3.19701,0.474559,0.324897,-3.19419,0.474737,0.296386,-3.19597,0.446309,0.296386,-3.1988,0.467846,0.34009,-3.41541,0.497649,0.34009,-3.41245,0.497835,0.310199,-3.41432,0.468032,0.310199,-3.41729
0.895782,-2.18916,-0.396978,-2.81766,872424617,0.680614,-0.265099,-3.18366,0.680393,-0.293621,-3.18206,0.652122,-0.293632,-3.18617,0.652343,-0.26511,-3.18777,0.713579,-0.277532,-3.40083,0.713347,-0.307434,-3.39915,0.683708,-0.307446,-3.40346,0.68394,-0.277544,-3.40514
0.516056,-1.63213,1.03134,2.30146,872424664,0.65374,1.13023,-3.19892,0.68201,1.13015,-3.1948,0.682882,1.10236,-3.20133,0.654612,1.10243,-3.20544,0.684655,1.18225,-3.41044,0.714293,1.18217,-3.40612,0.715207,1.15303,-3.41296,0.685569,1.15311,-3.41727
0.317993,-1.55072,-0.662332,-10.3441,872426517,1.13298,-0.858204,-3.19253,1.1318,-0.886299,-3.18749,1.10406,-0.886355,-3.19434,1.10525,-0.85826,-3.19938,1.1863,-0.89806,-3.40222,1.18505,-0.927514,-3.39694,1.15598,-0.927573,-3.40412,1.15722,-0.898119,-3.4094
0.432044,1.53705,2.88386,-4.66782,872432191,-1.38496,0.383,3.21187,-1.41225,0.382989,3.20342,-1.41287,0.354502,3.20548,-1.38558,0.354513,3.21393,-1.44977,0.400949,3.42134,-1.47838,0.400938,3.41249,-1.47903,0.371073,3.41465,-1.45042,0.371084,3.4235
0.424828,1.56225,-2.83047,-3.538,872432420,-1.34152,-0.412619,3.17637,-1.34085,-0.441076,3.17395,-1.31345,-0.441121,3.18204,-1.31412,-0.412664,3.18446,-1.40488,-0.431939,3.38617,-1.40419,-0.461773,3.38363,-1.37546,-0.46182,3.3921,-1.37616,-0.431986,3.39464
0.231189,1.5495,2.58611,8.49944,872432972,-1.20574,0.771395,3.23026,-1.23333,0.771396,3.22286,-1.23449,0.743179,3.22718,-1.20689,0.743179,3.23458,-1.26196,0.807173,3.43993,-1.29088,0.807173,3.43217,-1.2921,0.777592,3.4367,-1.26317,0.777592,3.44446
0.678438,1.55203,2.55335,3.76619,872433101,-1.16402,0.800142,3.19488,-1.19166,0.80003,3.18768,-1.19273,0.771842,3.19221,-1.16508,0.771954,3.1994,-1.21878,0.837272,3.4047,-1.24777,0.837154,3.39716,-1.24888,0.807603,3.4019,-1.2199,0.80772,3.40944
0.593427,1.82358,2.90186,18.3805,872433723,-1.00971,0.264526,3.18139,-1.03758,0.264504,3.17509,-1.03787,0.235972,3.1765,-1.01001,0.235995,3.18279,-1.05815,0.276958,3.39563,-1.08736,0.276935,3.38903,-1.08767,0.247022,3.3905,-1.05846,0.247046,3.39711
0.853208,1.90648,-3.06534,-0.106909,872433968,-0.980444,-0.0595489,3.1864,-0.980369,-0.0881146,3.18605,-0.952427,-0.0881146,3.192,-0.952502,-0.0595489,3.19235,-1.02759,-0.0623142,3.40128,-1.02751,-0.0922618,3.40091,-0.99822,-0.0922618,3.40714,-0.998299,-0.0623142,3.40751
1.09996,1.93676,-3.06303,3.06299,872434096,-0.951917,-0.0595488,3.19226,-0.951845,-0.0881146,3.19191,-0.923866,-0.0881146,3.19768,-0.923939,-0.0595489,3.19803,-0.997714,-0.0623141,3.40743,-0.997638,-0.0922618,3.40706,-0.968306,-0.0922618,3.41311,-0.968382,-0.0623142,3.41348
0.473004,1.61734,-2.32792,9.8613,872434194,-0.926506,-0.951038,3.21398,-0.925387,-0.97903,3.20839,-0.897374,-0.97903,3.214,-0.898493,-0.951038,3.21959,-0.970155,-0.99497,3.42509,-0.968981,-1.02432,3.41923,-0.939614,-1.02432,3.4251,-0.940787,-0.99497,3.43097
0.391634,1.66241,-2.37718,-12.0248,872434197,-0.924226,-0.858256,3.20251,-0.923211,-0.886351,3.19743,-0.895198,-0.886351,3.20303,-0.896213,-0.858256,3.20811,-0.96801,-0.898118,3.41439,-0.966946,-0.927572,3.40907,-0.937577,-0.927572,3.41494,-0.938641,-0.898118,3.42027
1.13681,2.00283,-3.12374,9.58194,872434354,-0.887395,-0.00130834,3.17471,-0.887395,-0.0298763,3.17471,-0.859339,-0.0298764,3.1801,-0.859339,-0.00130838,3.1801,-0.930213,-0.00130912,3.39051,-0.930213,-0.0312591,3.39051,-0.9008,-0.0312592,3.39615,-0.9008,-0.00130917,3.39615
1.14809,2.01278,2.91816,-3.75864,872434489,-0.831014,0.206321,3.18737,-0.859103,0.206304,3.18216,-0.859283,0.177756,3.18322,-0.831193,0.177773,3.18843,-0.871084,0.215993,3.40348,-0.900533,0.215975,3.39802,-0.900721,0.186046,3.39913,-0.871273,0.186064,3.40459
0.489675,1.9953,-2.74754,14.977,872434599,-0.831166,-0.325427,3.19172,-0.83084,-0.353926,3.18977,-0.802719,-0.353949,3.19481,-0.803044,-0.325449,3.19675,-0.871191,-0.340617,3.40752,-0.87085,-0.370496,3.40548,-0.841368,-0.370519,3.41075,-0.841709,-0.340641,3.41279
1.88555,2.00733,-2.77837,4.14238,872434600,-0.831461,-0.296365,3.19352,-0.831168,-0.324876,3.19175,-0.803046,-0.324899,3.19678,-0.80334,-0.296387,3.19855,-0.871502,-0.310176,3.4094,-0.871194,-0.340067,3.40755,-0.841712,-0.34009,3.41282,-0.84202,-0.3102,3.41468
3.1515,2.10771,-3.12179,-0.423133,872434738,-0.80128,-0.00130835,3.18947,-0.80128,-0.0298764,3.18947,-0.773127,-0.0298764,3.19432,-0.773127,-0.00130837,3.19432,-0.84002,-0.00130914,3.40604,-0.84002,-0.0312591,3.40604,-0.810506,-0.0312592,3.41113,-0.810506,-0.00130915,3.41113
0.950743,2.07131,2.86784,10.9801,872434746,-0.773369,0.23542,3.1958,-0.801521,0.235415,3.19094,-0.801729,0.206874,3.19218,-0.773577,0.20688,3.19704,-0.810706,0.246474,3.41233,-0.840221,0.246468,3.40724,-0.840439,0.216547,3.40854,-0.810924,0.216553,3.41363
1.06508,2.05758,2.72102,6.62735,872434878,-0.74526,0.353947,3.20432,-0.773443,0.353947,3.19964,-0.773766,0.325448,3.20159,-0.745583,0.325448,3.20626,-0.781184,0.370519,3.42074,-0.81073,0.370519,3.41583,-0.811069,0.34064,3.41787,-0.781523,0.34064,3.42278
1.09724,2.06099,-2.51055,15.658,872435234,-0.681897,-0.473571,3.19349,-0.681518,-0.501995,3.19065,-0.653247,-0.502028,3.19476,-0.653626,-0.473605,3.1976,-0.71478,-0.495646,3.4099,-0.714382,-0.525445,3.40692,-0.684744,-0.52548,3.41123,-0.685141,-0.495681,3.41421
2.61226,2.29889,-2.79321,1.17676,872435499,-0.623148,-0.20688,3.1934,-0.622983,-0.23542,3.19216,-0.594663,-0.23542,3.19591,-0.594828,-0.20688,3.19715,-0.653395,-0.216553,3.4111,-0.653222,-0.246474,3.4098,-0.623531,-0.246474,3.41373,-0.623704,-0.216553,3.41504
2.58584,2.39398,2.96457,2.77307,872435638,-0.561303,0.117237,3.17782,-0.589651,0.117237,3.17429,-0.589718,0.0886746,3.17482,-0.56137,0.0886745,3.17836,-0.588548,0.122767,3.39607,-0.618267,0.122767,3.39236,-0.618337,0.092822,3.39292,-0.588618,0.0928219,3.39663
-0.304904,1.94861,2.2431,-1.00577,872435659,-0.561256,0.737337,3.17762,-0.589604,0.737247,3.17409,-0.590047,0.709004,3.17836,-0.561699,0.709094,3.18189,-0.588273,0.771742,3.39324,-0.617992,0.771648,3.38953,-0.618456,0.742037,3.394,-0.588737,0.742132,3.39771
0.114864,1.92563,2.22234,-0.113167,872435660,-0.563107,0.771409,3.19635,-0.591455,0.771297,3.19281,-0.591898,0.74308,3.19726,-0.56355,0.743193,3.20079,-0.590121,0.807175,3.41174,-0.61984,0.807058,3.40803,-0.620305,0.777476,3.41269,-0.590585,0.777594,3.4164
1.7369,1.90165,2.20408,-2.49108,872435661,-0.562639,0.800142,3.19165,-0.590987,0.80003,3.18811,-0.591452,0.771842,3.19273,-0.563104,0.771954,3.19627,-0.58963,0.837272,3.40681,-0.619349,0.837154,3.4031,-0.619837,0.807603,3.40795,-0.590117,0.80772,3.41165
0.280462,1.87794,2.18667,38.1993,872435662,-0.562171,0.828878,3.18695,-0.590519,0.828766,3.18342,-0.591006,0.800608,3.18821,-0.562658,0.80072,3.19175,-0.589138,0.86737,3.40188,-0.618858,0.867252,3.39817,-0.619368,0.837732,3.4032,-0.589649,0.83785,3.40691
0.0841306,1.85452,2.17004,-27.6612,872435663,-0.561704,0.857619,3.18227,-0.590052,0.857506,3.17873,-0.590562,0.829379,3.18371,-0.562214,0.829492,3.18724,-0.588647,0.89747,3.39695,-0.618366,0.897353,3.39324,-0.6189,0.867865,3.39846,-0.58918,0.867982,3.40216
1.70117,2.4333,-2.90446,1.18827,872435758,-0.560752,-0.117805,3.17788,-0.560667,-0.146364,3.17717,-0.532297,-0.146364,3.18053,-0.532382,-0.117805,3.18124,-0.587996,-0.123335,3.39612,-0.587907,-0.153275,3.39537,-0.558165,-0.153275,3.39889,-0.558254,-0.123335,3.39964
-0.0985722,1.96814,2.21808,-0.336877,872435787,-0.532265,0.737333,3.18048,-0.560635,0.737266,3.17712,-0.561073,0.709022,3.18138,-0.532703,0.709089,3.18474,-0.55791,0.771741,3.39625,-0.587651,0.771671,3.39273,-0.588111,0.742061,3.39721,-0.558369,0.742131,3.40073
0.120613,1.94407,2.19768,-42.123,872435788,-0.534116,0.771404,3.1992,-0.562486,0.771319,3.19584,-0.562928,0.743103,3.20028,-0.534559,0.743187,3.20365,-0.559757,0.807175,3.41476,-0.589499,0.807086,3.41123,-0.589964,0.777505,3.41589,-0.560222,0.777594,3.41942
2.92734,1.91922,2.1797,0.326441,872435789,-0.533648,0.800137,3.1945,-0.562017,0.800052,3.19114,-0.562481,0.771865,3.19576,-0.534112,0.771949,3.19912,-0.559266,0.837271,3.40983,-0.589008,0.837183,3.4063,-0.589495,0.807631,3.41115,-0.559753,0.80772,3.41467
0.142815,1.89469,2.16256,0.052118,872435790,-0.53318,0.828873,3.18981,-0.56155,0.828789,3.18645,-0.562035,0.800631,3.19124,-0.533665,0.800715,3.19461,-0.558775,0.867369,3.4049,-0.588517,0.867281,3.40138,-0.589025,0.837761,3.40641,-0.559283,0.837849,3.40993
-0.089656,1.8705,2.14623,-0.145998,872435791,-0.532714,0.857613,3.18512,-0.561083,0.857529,3.18176,-0.561589,0.829402,3.18674,-0.533219,0.829486,3.1901,-0.558284,0.89747,3.39997,-0.588025,0.897381,3.39645,-0.588556,0.867893,3.40166,-0.558814,0.867982,3.40519
1.59277,2.41259,-2.69131,2.66208,872435882,-0.531953,-0.235981,3.18268,-0.531804,-0.264513,3.18125,-0.503414,-0.264524,3.18443,-0.503562,-0.235993,3.18586,-0.557808,-0.247034,3.40088,-0.557652,-0.276946,3.39938,-0.527888,-0.276958,3.40272,-0.528044,-0.247046,3.40421
0.101878,2.09525,2.27783,-2.34822,872435911,-0.504788,0.621839,3.19849,-0.533178,0.621794,3.1953,-0.533533,0.593452,3.19886,-0.505143,0.593497,3.20205,-0.529139,0.650779,3.41521,-0.558903,0.650732,3.41188,-0.559274,0.621018,3.41561,-0.529511,0.621065,3.41895
0.22541,2.06788,2.25464,-0.010699,872435912,-0.50441,0.650707,3.19469,-0.5328,0.650662,3.1915,-0.533174,0.622342,3.19524,-0.504784,0.622387,3.19842,-0.528743,0.681016,3.41123,-0.558506,0.680969,3.40789,-0.558898,0.651279,3.41181,-0.529135,0.651326,3.41515
-0.205031,2.04076,2.23267,0.240508,872435913,-0.504032,0.679577,3.19089,-0.532422,0.679532,3.18771,-0.532817,0.651236,3.19163,-0.504427,0.651281,3.19481,-0.528346,0.711255,3.40724,-0.558109,0.711207,3.40391,-0.558522,0.681543,3.40801,-0.528759,0.68159,3.41135
0.184953,1.98743,2.19208,-0.803958,872435915,-0.50328,0.73733,3.18334,-0.53167,0.737285,3.18015,-0.532104,0.709041,3.18442,-0.503714,0.709086,3.1876,-0.527551,0.771741,3.39927,-0.557315,0.771694,3.39593,-0.55777,0.742084,3.40041,-0.528006,0.742131,3.40375
0.259484,1.96226,2.17212,-0.075356,872435916,-0.505131,0.7714,3.20206,-0.533521,0.771343,3.19888,-0.533964,0.743127,3.20332,-0.505574,0.743183,3.20651,-0.529399,0.807174,3.41778,-0.559162,0.807115,3.41444,-0.559626,0.777534,3.4191,-0.529863,0.777593,3.42244
0.142471,1.93652,2.15445,-0.169664,872435917,-0.504663,0.800133,3.19736,-0.533053,0.800077,3.19418,-0.533516,0.771889,3.1988,-0.505126,0.771945,3.20198,-0.528908,0.83727,3.41285,-0.558671,0.837212,3.40951,-0.559156,0.80766,3.41436,-0.529393,0.807719,3.41769
-0.105929,1.91115,2.13765,-0.387426,872435918,-0.504196,0.828869,3.19267,-0.532585,0.828813,3.18948,-0.533068,0.800655,3.19428,-0.504678,0.800711,3.19747,-0.528417,0.867368,3.40792,-0.55818,0.86731,3.40458,-0.558686,0.837789,3.40961,-0.528923,0.837848,3.41295
0.130442,1.88617,2.12167,61.3234,872435919,-0.503729,0.857609,3.18798,-0.532119,0.857553,3.1848,-0.532621,0.829426,3.18977,-0.504231,0.829482,3.19296,-0.527925,0.897469,3.40299,-0.557689,0.89741,3.39965,-0.558215,0.867922,3.40487,-0.528452,0.867981,3.40821
0.0967405,2.11889,2.2496,-0.88517,872436039,-0.475808,0.621837,3.20135,-0.504217,0.621815,3.19835,-0.504572,0.593472,3.20191,-0.476162,0.593494,3.20492,-0.498784,0.650779,3.41823,-0.528568,0.650755,3.41508,-0.52894,0.621041,3.41881,-0.499156,0.621065,3.42197
0.0587984,2.09023,2.22667,0.591173,872436040,-0.47543,0.650704,3.19755,-0.503839,0.650682,3.19455,-0.504212,0.622362,3.19829,-0.475803,0.622385,3.20129,-0.498388,0.681015,3.41425,-0.528171,0.680992,3.41109,-0.528563,0.651302,3.41501,-0.498779,0.651326,3.41817
-0.0127866,2.06192,2.20499,0.062351,872436041,-0.475052,0.679575,3.19376,-0.503462,0.679552,3.19075,-0.503854,0.651256,3.19467,-0.475444,0.651279,3.19768,-0.497991,0.711254,3.41026,-0.527774,0.71123,3.40711,-0.528186,0.681566,3.41121,-0.498402,0.68159,3.41437
-0.672641,2.00642,2.16508,0.171828,872436043,-0.4743,0.737328,3.1862,-0.502709,0.737305,3.1832,-0.503139,0.709061,3.18747,-0.474729,0.709084,3.19047,-0.497197,0.77174,3.40229,-0.526981,0.771717,3.39914,-0.527431,0.742107,3.40361,-0.497647,0.74213,3.40677
-0.440723,1.98012,2.14564,0.860973,872436044,-0.476151,0.771397,3.20493,-0.50456,0.771369,3.20192,-0.505003,0.743152,3.20637,-0.476594,0.743181,3.20938,-0.499044,0.807174,3.4208,-0.528828,0.807144,3.41764,-0.529292,0.777563,3.4223,-0.499508,0.777592,3.42546
0.490658,1.95348,2.12835,-2.16885,872436045,-0.475683,0.80013,3.20023,-0.504092,0.800102,3.19722,-0.504554,0.771914,3.20184,-0.476145,0.771942,3.20485,-0.498553,0.83727,3.41587,-0.528337,0.83724,3.41271,-0.528821,0.807689,3.41756,-0.499037,0.807719,3.42071
-0.0541303,1.92727,2.11193,-0.240807,872436046,-0.475216,0.828866,3.19554,-0.503625,0.828838,3.19253,-0.504105,0.80068,3.19733,-0.475696,0.800708,3.20034,-0.498062,0.867368,3.41094,-0.527846,0.867338,3.40779,-0.528349,0.837818,3.41282,-0.498566,0.837848,3.41597
0.215778,1.90149,2.09634,-13.2,872436047,-0.474749,0.857607,3.19085,-0.503158,0.857578,3.18785,-0.503657,0.829451,3.19282,-0.475248,0.829479,3.19583,-0.497571,0.897468,3.40601,-0.527354,0.897439,3.40286,-0.527878,0.867951,3.40807,-0.498094,0.867981,3.41123
1.873,2.14227,2.22004,0.0558312,872436167,-0.446831,0.621836,3.20423,-0.475259,0.621836,3.2014,-0.475613,0.593493,3.20496,-0.447186,0.593493,3.20779,-0.468432,0.650778,3.42125,-0.498235,0.650778,3.41828,-0.498607,0.621064,3.42202,-0.468804,0.621064,3.42498
0,2.11229,2.19744,0,872436168,-0.446453,0.650703,3.20043,-0.474881,0.650703,3.1976,-0.475253,0.622384,3.20134,-0.446825,0.622384,3.20417,-0.468035,0.681015,3.41726,-0.497838,0.681015,3.4143,-0.498228,0.651325,3.41822,-0.468426,0.651325,3.42118
-0.125497,2.08274,2.17614,0.307326,872436169,-0.446076,0.679573,3.19664,-0.474503,0.679573,3.19381,-0.474893,0.651278,3.19772,-0.446466,0.651278,3.20055,-0.467639,0.711254,3.41328,-0.497442,0.711254,3.41031,-0.49785,0.681589,3.41442,-0.468047,0.681589,3.41738
0.798703,2.54009,-2.48011,25.3581,872436392,-0.41331,-0.296355,3.18593,-0.413192,-0.324867,3.18414,-0.384727,-0.324901,3.18656,-0.384845,-0.296389,3.18835,-0.433323,-0.310164,3.40458,-0.433199,-0.340055,3.40271,-0.403357,-0.340091,3.40525,-0.403481,-0.3102,3.40712
2.58538,2.82972,2.94433,10.5177,872436533,-0.355166,0.0881146,3.18084,-0.383646,0.0881146,3.1786,-0.383674,0.0595489,3.17895,-0.355195,0.0595489,3.1812,-0.37244,0.0922618,3.40013,-0.402297,0.0922618,3.39777,-0.402327,0.0623142,3.39815,-0.372469,0.0623142,3.4005
5.45453,2.54731,-2.31662,0.143721,872436646,-0.354978,-0.354502,3.18647,-0.354833,-0.382989,3.18432,-0.32634,-0.383,3.18638,-0.326484,-0.354513,3.18853,-0.372222,-0.371073,3.40517,-0.372071,-0.400937,3.40292,-0.342199,-0.400949,3.40508,-0.34235,-0.371084,3.40733
1.81909,2.82935,-2.69543,12.4733,872436653,-0.354921,-0.148662,3.18556,-0.354861,-0.177216,3.18466,-0.326368,-0.177221,3.18673,-0.326427,-0.148667,3.18762,-0.372192,-0.155572,3.40477,-0.37213,-0.185507,3.40383,-0.342258,-0.185513,3.406,-0.34232,-0.155578,3.40694
0.87109,2.22841,2.08272,-5.14998,872436679,-0.327064,0.621837,3.1976,-0.355558,0.621815,3.19553,-0.355794,0.593472,3.1991,-0.327301,0.593494,3.20117,-0.34287,0.650779,3.41512,-0.372741,0.650755,3.41295,-0.372989,0.621041,3.41669,-0.343118,0.621065,3.41886
2.44788,2.58654,-2.27239,-3.10243,872436774,-0.325932,-0.354513,3.18856,-0.32579,-0.383,3.18641,-0.297284,-0.383,3.1883,-0.297426,-0.354513,3.19045,-0.341797,-0.371084,3.40736,-0.341648,-0.400949,3.40511,-0.311764,-0.400949,3.40709,-0.311913,-0.371084,3.40934
2.15315,2.86077,2.58916,-6.79651,872436793,-0.297241,0.206319,3.18756,-0.325746,0.20632,3.18567,-0.325817,0.177772,3.18675,-0.297312,0.177772,3.18863,-0.311747,0.215992,3.40687,-0.341632,0.215992,3.40489,-0.341707,0.186064,3.40602,-0.311822,0.186064,3.408
2.84295,2.62515,2.22047,48.9582,872436927,-0.265828,0.383005,3.17977,-0.294348,0.38296,3.17811,-0.294428,0.354473,3.18026,-0.265908,0.354518,3.18192,-0.278603,0.40095,3.39867,-0.308502,0.400903,3.39692,-0.308586,0.371038,3.39918,-0.278687,0.371085,3.40092
2.45128,2.50745,-2.07183,1.21239,872437027,-0.265575,-0.444566,3.18952,-0.265486,-0.473007,3.18683,-0.236956,-0.473058,3.18831,-0.237045,-0.444617,3.191,-0.278351,-0.465262,3.40817,-0.278258,-0.495079,3.40535,-0.248348,-0.495133,3.40691,-0.248441,-0.465315,3.40972
2.89823,2.53326,-2.02172,-6.8013,872437155,-0.236473,-0.44458,3.19063,-0.236384,-0.473022,3.18795,-0.207846,-0.473055,3.18925,-0.207935,-0.444614,3.19194,-0.247868,-0.46528,3.40936,-0.247775,-0.495097,3.40655,-0.217856,-0.495132,3.40791,-0.217949,-0.465315,3.41073
1.78828,2.86251,-1.94317,0.973553,872437543,-0.146958,-0.325408,3.18207,-0.146954,-0.353908,3.1801,-0.118395,-0.353953,3.18082,-0.1184,-0.325453,3.18279,-0.153882,-0.340594,3.40144,-0.153877,-0.370472,3.39938,-0.123937,-0.37052,3.40013,-0.123942,-0.340641,3.4022
2.23981,2.90978,1.78648,-15.7196,872437822,-0.0601384,0.353949,3.18076,-0.0887041,0.353926,3.1804,-0.0887065,0.325427,3.18237,-0.0601408,0.325449,3.18273,-0.0629151,0.370519,3.40012,-0.0928627,0.370496,3.39975,-0.0928652,0.340617,3.40181,-0.0629176,0.340641,3.40219
0.885672,1.74512,1.63566,-0.28858,872437849,-0.0600699,1.15862,3.18117,-0.0886355,1.15854,3.18081,-0.0886452,1.13079,3.18756,-0.0600797,1.13086,3.18793,-0.0629307,1.21199,3.39458,-0.0928782,1.2119,3.3942,-0.0928884,1.1828,3.40129,-0.0629409,1.18288,3.40167
0.176408,2.51683,1.53951,64.3793,872438212,0.0304583,0.502596,3.1836,0.030458,0.531001,3.18056,0.00188997,0.531001,3.18056,0.0018903,0.502596,3.1836,0.0318616,0.526049,3.40235,0.0318613,0.555829,3.39916,0.00191127,0.555829,3.39916,0.00191161,0.526049,3.40235
-0.0585448,2.46218,1.54117,0.550983,872438213,0.030458,0.531595,3.18089,0.0304577,0.559981,3.17766,0.00188967,0.559981,3.17767,0.00188998,0.531595,3.18089,0.0318614,0.556422,3.39948,0.031861,0.586181,3.3961,0.00191104,0.586181,3.3961,0.00191136,0.556422,3.39948
0.00995434,2.41038,1.54267,61.8243,872438214,0.0304577,0.5606,3.17818,0.0304573,0.588965,3.17478,0.00188934,0.588965,3.17478,0.00188965,0.5606,3.17818,0.0318611,0.5868,3.39661,0.0318608,0.616537,3.39305,0.0019108,0.616537,3.39305,0.00191113,0.5868,3.39662
0.926722,2.36045,1.5442,23.6124,872438215,0.0304494,0.593493,3.19356,0.0304488,0.621836,3.18998,0.0018808,0.621836,3.18999,0.00188138,0.593493,3.19357,0.0318663,0.621064,3.41183,0.0318657,0.650778,3.40808,0.00191568,0.650778,3.40808,0.00191629,0.621064,3.41183
0.639843,2.31376,1.54541,18.8038,872438216,0.0304488,0.622384,3.18992,0.0304482,0.650703,3.18616,0.00188016,0.650703,3.18617,0.0018808,0.622384,3.18993,0.0318657,0.651325,3.40801,0.031865,0.681015,3.40407,0.00191504,0.681015,3.40408,0.0019157,0.651325,3.40802
0.0369509,2.26917,1.54651,-0.00181603,872438217,0.0304482,0.651278,3.18629,0.0304475,0.679574,3.18235,0.00187952,0.679573,3.18236,0.0018802,0.651278,3.18629,0.0318651,0.681589,3.40419,0.0318644,0.711254,3.40007,0.00191442,0.711254,3.40007,0.00191513,0.681589,3.4042
0.0958206,2.2265,1.54752,-49.6043,872438218,0.0304475,0.680177,3.18267,0.0304469,0.708447,3.17855,0.00187891,0.708447,3.17856,0.00187955,0.680177,3.18267,0.0318645,0.711857,3.40037,0.0318639,0.741495,3.39606,0.00191386,0.741495,3.39606,0.00191453,0.711857,3.40038
0.874136,2.18559,1.54845,15.3736,872438219,0.0304469,0.709083,3.17905,0.0304462,0.737327,3.17476,0.00187825,0.737327,3.17476,0.00187892,0.709083,3.17905,0.031864,0.74213,3.39655,0.0318633,0.77174,3.39205,0.00191327,0.77174,3.39206,0.00191398,0.74213,3.39656
-0.123873,2.51353,1.48338,1.45864,872438340,0.0595788,0.50258,3.18343,0.0595762,0.530985,3.18038,0.0310088,0.531002,3.18057,0.0310113,0.502597,3.18361,0.0623649,0.526032,3.40216,0.0623622,0.555811,3.39897,0.0324129,0.555829,3.39916,0.0324155,0.52605,3.40235
0.193049,2.45922,1.488,0.707723,872438341,0.0595796,0.531579,3.18071,0.0595759,0.559964,3.17749,0.0310085,0.559981,3.17767,0.0310122,0.531596,3.1809,0.0623656,0.556405,3.3993,0.0623618,0.586163,3.39592,0.0324124,0.586181,3.39611,0.0324162,0.556423,3.39949
0.470649,2.40771,1.49216,-7.97271,872438342,0.0595804,0.560584,3.17801,0.0595756,0.588949,3.17461,0.0310082,0.588965,3.17479,0.031013,0.560601,3.17819,0.0623664,0.586783,3.39643,0.0623613,0.61652,3.39286,0.0324119,0.616537,3.39305,0.032417,0.5868,3.39662
0.273413,2.35807,1.49641,47.3894,872438343,0.0595676,0.593472,3.19339,0.059567,0.621815,3.18981,0.0309996,0.621837,3.18999,0.0310002,0.593494,3.19357,0.0623674,0.621041,3.41164,0.0623668,0.650755,3.40789,0.0324174,0.650778,3.40808,0.0324181,0.621065,3.41183
-0.478852,2.31159,1.49978,-0.376438,872438344,0.0595682,0.622362,3.18975,0.0595664,0.650682,3.18599,0.030999,0.650704,3.18617,0.0310007,0.622385,3.18993,0.062368,0.651302,3.40782,0.0623661,0.680992,3.40388,0.0324167,0.681015,3.40407,0.0324186,0.651326,3.40801
0.560889,2.26719,1.50285,22.8066,872438345,0.0595686,0.651256,3.18612,0.0595658,0.679552,3.18218,0.0309984,0.679575,3.18236,0.0310012,0.651279,3.1863,0.0623684,0.681566,3.404,0.0623654,0.71123,3.39988,0.032416,0.711254,3.40007,0.032419,0.68159,3.4042
0.64282,2.22467,1.50567,8.26646,872438346,0.0595692,0.680156,3.18249,0.0595651,0.708426,3.17838,0.0309977,0.708449,3.17856,0.0310018,0.680178,3.18267,0.0623688,0.711834,3.40019,0.0623646,0.741472,3.39587,0.0324152,0.741495,3.39606,0.0324195,0.711857,3.40038
0.0805015,2.18391,1.50826,0.303992,872438347,0.0595697,0.709061,3.17887,0.0595645,0.737305,3.17458,0.0309971,0.737328,3.17477,0.0310023,0.709084,3.17906,0.0623692,0.742107,3.39637,0.0623638,0.771717,3.39187,0.0324144,0.77174,3.39206,0.0324198,0.74213,3.39656
2.84229,2.90978,1.35511,15.9877,872438462,0.0887065,0.325427,3.18237,0.0887041,0.353926,3.1804,0.0601384,0.353949,3.18076,0.0601408,0.325449,3.18273,0.0928652,0.340617,3.40181,0.0928628,0.370496,3.39975,0.0629151,0.370519,3.40012,0.0629176,0.340641,3.40219
-0.114198,2.50716,1.42778,0.494553,872438468,0.088701,0.502565,3.18326,0.0886962,0.53097,3.18022,0.0601305,0.531004,3.18058,0.0601353,0.502599,3.18362,0.0928698,0.526015,3.40198,0.0928648,0.555794,3.39878,0.0629172,0.555829,3.39916,0.0629222,0.52605,3.40235
0.724706,2.45351,1.43528,6.21647,872438469,0.088703,0.531564,3.18055,0.0886959,0.559949,3.17733,0.0601302,0.559983,3.17769,0.0601373,0.531597,3.18091,0.0928716,0.556387,3.39911,0.0928642,0.586146,3.39573,0.0629166,0.586182,3.39611,0.062924,0.556423,3.39949
7.88769,2.40257,1.44204,-0.602384,872438470,0.0887049,0.560569,3.17784,0.0886955,0.588933,3.17444,0.0601298,0.588967,3.1748,0.0601392,0.560602,3.1782,0.0928732,0.586765,3.39624,0.0928634,0.616502,3.39268,0.0629158,0.616538,3.39305,0.0629256,0.586801,3.39662
0.705903,2.35347,1.44896,20.4661,872438471,0.0886876,0.593452,3.19322,0.088687,0.621794,3.18964,0.0601213,0.621839,3.19,0.0601219,0.593497,3.19358,0.0928702,0.621018,3.41145,0.0928696,0.650732,3.4077,0.062922,0.650779,3.40808,0.0629226,0.621065,3.41183
0.356012,2.3074,1.45443,46.0533,872438472,0.0886892,0.622342,3.18958,0.0886864,0.650662,3.18582,0.0601207,0.650707,3.18619,0.0601235,0.622387,3.18994,0.0928718,0.651279,3.40764,0.0928688,0.680969,3.4037,0.0629212,0.681016,3.40407,0.0629242,0.651326,3.40801
0.451003,2.26336,1.45944,30.9135,872438473,0.0886908,0.651236,3.18595,0.0886858,0.679532,3.18201,0.0601201,0.679577,3.18238,0.0601252,0.651281,3.18631,0.0928733,0.681543,3.40382,0.092868,0.711207,3.39969,0.0629204,0.711255,3.40007,0.0629257,0.68159,3.4042
0.0547242,2.22116,1.46404,-28.3846,872438474,0.0886925,0.680135,3.18233,0.0886851,0.708406,3.17821,0.0601194,0.708451,3.17857,0.0601268,0.680181,3.18269,0.0928748,0.711811,3.4,0.0928669,0.741449,3.39568,0.0629194,0.741496,3.39606,0.0629272,0.711858,3.40038
-0.122201,2.18067,1.46827,-0.147004,872438475,0.0886941,0.709041,3.17871,0.0886844,0.737285,3.17442,0.0601188,0.73733,3.17478,0.0601285,0.709086,3.17907,0.0928761,0.742084,3.39618,0.0928659,0.771694,3.39168,0.0629183,0.771741,3.39206,0.0629285,0.742131,3.39656
0.769605,2.14206,1.47287,-5.17743,872438476,0.088676,0.743127,3.1977,0.0886749,0.771343,3.19323,0.0601093,0.7714,3.1936,0.0601103,0.743183,3.19806,0.0928756,0.777534,3.41496,0.0928745,0.807115,3.41027,0.062927,0.807174,3.41065,0.0629281,0.777593,3.41534
0.0350687,2.49786,1.37306,0.662533,872438596,0.117826,0.50255,3.18311,0.117819,0.530956,3.18006,0.0892562,0.531006,3.1806,0.0892632,0.502601,3.18365,0.123377,0.525997,3.40179,0.12337,0.555777,3.3986,0.0934254,0.55583,3.39916,0.0934328,0.52605,3.40236
0.780531,2.44516,1.38331,17.2068,872438597,0.117829,0.531549,3.18039,0.117819,0.559935,3.17717,0.0892559,0.559985,3.17771,0.0892663,0.5316,3.18093,0.12338,0.55637,3.39892,0.123369,0.586129,3.39554,0.0934246,0.586182,3.39611,0.0934356,0.556423,3.39949
0.334652,2.39503,1.39256,64.1225,872438598,0.117832,0.560554,3.17769,0.117818,0.588919,3.17428,0.0892555,0.588969,3.17482,0.0892694,0.560605,3.17823,0.123383,0.586748,3.39606,0.123368,0.616485,3.39249,0.0934237,0.616538,3.39305,0.0934382,0.586801,3.39662
0.26913,2.34672,1.40204,40.0336,872438599,0.11781,0.593432,3.19307,0.11781,0.621775,3.18949,0.089247,0.621843,3.19003,0.0892475,0.5935,3.19361,0.123376,0.620995,3.41127,0.123375,0.650709,3.40751,0.0934305,0.650779,3.40808,0.0934311,0.621066,3.41183
0.513398,2.30125,1.40956,3.20923,872438600,0.117813,0.622323,3.18943,0.117809,0.650642,3.18567,0.0892464,0.65071,3.18621,0.0892504,0.62239,3.18996,0.123378,0.651256,3.40745,0.123374,0.680946,3.40351,0.0934296,0.681016,3.40407,0.0934338,0.651327,3.40801
0.22388,2.25772,1.41644,0.33059,872438601,0.117816,0.651217,3.18579,0.117809,0.679512,3.18186,0.0892457,0.67958,3.1824,0.0892531,0.651284,3.18633,0.123381,0.68152,3.40363,0.123373,0.711184,3.3995,0.0934286,0.711255,3.40007,0.0934363,0.681591,3.40419
0.456484,2.21599,1.42277,24.4052,872438602,0.117819,0.680116,3.18217,0.117808,0.708387,3.17806,0.0892451,0.708454,3.17859,0.0892559,0.680184,3.18271,0.123383,0.711788,3.39981,0.123372,0.741426,3.3955,0.0934274,0.741496,3.39606,0.0934388,0.711859,3.40038
0.1879,2.17591,1.4286,-0.26841,872438603,0.117822,0.709022,3.17855,0.117807,0.737266,3.17426,0.0892444,0.737333,3.1748,0.0892587,0.709089,3.17909,0.123386,0.74206,3.39599,0.123371,0.771671,3.39149,0.0934261,0.771741,3.39206,0.0934411,0.742131,3.39656
0.904793,2.59691,1.28932,7.61854,872438722,0.146947,0.444552,3.18842,0.146947,0.472994,3.18573,0.118388,0.473061,3.18645,0.118388,0.44462,3.18913,0.153881,0.465245,3.40734,0.153881,0.495062,3.40452,0.12394,0.495133,3.40527,0.12394,0.465316,3.40809
-0.149366,2.48579,1.31949,0.13185,872438724,0.146955,0.502537,3.18296,0.146946,0.530942,3.17992,0.118387,0.53101,3.18063,0.118396,0.502604,3.18368,0.153889,0.52598,3.4016,0.153879,0.555759,3.39841,0.123939,0.55583,3.39916,0.123948,0.526051,3.40236
0.60901,2.43429,1.33233,21.882,872438725,0.146959,0.531536,3.18025,0.146946,0.559921,3.17702,0.118387,0.559989,3.17774,0.118401,0.531603,3.18096,0.153893,0.556353,3.39874,0.153878,0.586112,3.39536,0.123938,0.586182,3.39611,0.123952,0.556424,3.39949
-0.233857,2.3852,1.34393,0.329076,872438726,0.146964,0.56054,3.17754,0.146945,0.588905,3.17414,0.118386,0.588973,3.17486,0.118405,0.560608,3.17826,0.153896,0.586731,3.39587,0.153877,0.616468,3.3923,0.123936,0.616538,3.39306,0.123956,0.586801,3.39662
-0.03981,2.3379,1.35585,66.0649,872438727,0.146937,0.593414,3.19292,0.146937,0.621757,3.18934,0.118378,0.621847,3.19005,0.118378,0.593504,3.19364,0.153885,0.620972,3.41108,0.153884,0.650686,3.40733,0.123944,0.65078,3.40808,0.123945,0.621066,3.41183
0.0715925,2.2932,1.36532,0.260532,872438728,0.146941,0.622305,3.18928,0.146936,0.650624,3.18552,0.118377,0.650714,3.18624,0.118382,0.622395,3.18999,0.153889,0.651233,3.40726,0.153883,0.680923,3.40332,0.123943,0.681017,3.40407,0.123948,0.651327,3.40801
-0.190792,2.25035,1.374,-40.9224,872438729,0.146945,0.651199,3.18564,0.146935,0.679494,3.18171,0.118377,0.679584,3.18243,0.118386,0.651289,3.18636,0.153892,0.681497,3.40344,0.153882,0.711161,3.39932,0.123942,0.711256,3.40007,0.123952,0.681591,3.40419
0.303502,2.20921,1.38199,45.0624,872438730,0.146949,0.680098,3.18202,0.146935,0.708368,3.17791,0.118376,0.708458,3.17862,0.11839,0.680188,3.18274,0.153896,0.711765,3.39962,0.153881,0.741403,3.39531,0.12394,0.741497,3.39606,0.123955,0.711859,3.40037
1.53112,2.16966,1.38937,11.9698,872438731,0.146953,0.709004,3.1784,0.146934,0.737247,3.17411,0.118375,0.737337,3.17483,0.118394,0.709094,3.17912,0.153899,0.742037,3.3958,0.153879,0.771648,3.3913,0.123939,0.771742,3.39206,0.123959,0.742132,3.39655
0.404335,1.74081,1.45546,11.6862,872438745,0.146902,1.13072,3.18724,0.146885,1.15848,3.18049,0.118326,1.15863,3.1812,0.118343,1.13088,3.18796,0.153909,1.18272,3.4009,0.153892,1.21182,3.39382,0.123952,1.21199,3.39457,0.123969,1.18289,3.40165
0,1.50446,-1.46063,0,872438785,0.149132,-1.49223,3.17938,0.177684,-1.49223,3.17842,0.177976,-1.465,3.18707,0.149424,-1.465,3.18803,0.156192,-1.56021,3.3885,0.186125,-1.56021,3.38749,0.186431,-1.53167,3.39656,0.156498,-1.53167,3.39757
0.461969,2.57856,1.2276,38.5212,872438850,0.178278,0.444612,3.19289,0.178189,0.473053,3.1902,0.149636,0.473053,3.19115,0.149725,0.444612,3.19384,0.18691,0.465314,3.41175,0.186817,0.495131,3.40893,0.156883,0.495131,3.40992,0.156976,0.465314,3.41274
0.437194,2.52373,1.24672,1.43186,872438851,0.178187,0.473602,3.19016,0.178092,0.502026,3.1873,0.14954,0.502026,3.18824,0.149635,0.473602,3.19111,0.186815,0.49568,3.40889,0.186716,0.525479,3.40588,0.156782,0.525479,3.40687,0.156881,0.49568,3.40988
0.774687,2.47145,1.26391,-1.81933,872438852,0.178097,0.502596,3.18744,0.177996,0.531001,3.1844,0.149444,0.531001,3.18534,0.149545,0.502596,3.18839,0.18672,0.526049,3.40602,0.186614,0.555829,3.40283,0.156681,0.555829,3.40382,0.156787,0.526049,3.40701
0.905997,2.42154,1.27944,-14.6436,872438853,0.178007,0.531595,3.18473,0.1779,0.559981,3.1815,0.149348,0.559981,3.18245,0.149455,0.531595,3.18567,0.186625,0.556422,3.40316,0.186513,0.586181,3.39978,0.15658,0.586181,3.40077,0.156692,0.556422,3.40415
0.495398,2.37381,1.29352,59.5982,872438854,0.177917,0.5606,3.18202,0.177805,0.588965,3.17862,0.149252,0.588965,3.17957,0.149365,0.5606,3.18297,0.18653,0.5868,3.40029,0.186412,0.616537,3.39672,0.156479,0.616537,3.39772,0.156597,0.5868,3.40128
-0.0827921,2.32757,1.30707,0.398047,872438855,0.178417,0.593493,3.1974,0.178298,0.621836,3.19382,0.149746,0.621836,3.19477,0.149865,0.593493,3.19834,0.187038,0.621064,3.4155,0.186913,0.650778,3.41174,0.15698,0.650778,3.41274,0.157104,0.621064,3.41649
-0.0786886,2.28392,1.3187,0.580333,872438856,0.178296,0.622384,3.19376,0.178172,0.650703,3.19,0.149619,0.650703,3.19095,0.149744,0.622384,3.1947,0.186911,0.651325,3.41168,0.18678,0.681015,3.40774,0.156847,0.681015,3.40874,0.156978,0.651325,3.41267
-0.212902,2.24199,1.32939,0.213773,872438857,0.178176,0.651278,3.19013,0.178045,0.679574,3.18619,0.149493,0.679574,3.18714,0.149623,0.651278,3.19107,0.186784,0.681589,3.40786,0.186648,0.711254,3.40374,0.156714,0.711254,3.40473,0.156851,0.681589,3.40886
0.891646,2.20167,1.33924,53.5091,872438858,0.178055,0.680177,3.1865,0.177919,0.708447,3.18239,0.149367,0.708447,3.18334,0.149503,0.680177,3.18745,0.186658,0.711857,3.40405,0.186515,0.741495,3.39974,0.156581,0.741495,3.40073,0.156724,0.711857,3.40504
0.420836,2.16284,1.34834,47.7581,872438859,0.177935,0.709083,3.18289,0.177793,0.737327,3.1786,0.149241,0.737327,3.17955,0.149383,0.709083,3.18384,0.186531,0.74213,3.40023,0.186382,0.77174,3.39573,0.156448,0.77174,3.39673,0.156598,0.74213,3.40122
-0.215517,2.12572,1.35727,0.097969,872438860,0.178553,0.743179,3.20188,0.178405,0.771396,3.19741,0.149853,0.771396,3.19836,0.150001,0.743179,3.20283,0.18716,0.777592,3.419,0.187004,0.807173,3.41432,0.15707,0.807173,3.41532,0.157226,0.777592,3.42
-0.256121,2.08975,1.36505,-0.117215,872438861,0.178402,0.771941,3.19733,0.178248,0.800129,3.19269,0.149696,0.800129,3.19364,0.14985,0.771941,3.19828,0.187001,0.807718,3.41424,0.186839,0.837269,3.40937,0.156906,0.837269,3.41037,0.157068,0.807718,3.41523
0.613713,2.05498,1.37229,2.75725,872438862,0.178251,0.800707,3.1928,0.178091,0.828865,3.18798,0.149539,0.828865,3.18893,0.149699,0.800707,3.19375,0.186843,0.837847,3.40947,0.186674,0.867367,3.40442,0.156741,0.867367,3.40542,0.156909,0.837847,3.41047
-0.0631178,1.50205,-1.44123,-0.930727,872438913,0.178235,-1.49223,3.17841,0.20678,-1.49218,3.17727,0.207077,-1.46496,3.18592,0.178531,-1.46501,3.18706,0.186676,-1.56021,3.38748,0.216602,-1.56016,3.38628,0.216913,-1.53161,3.39535,0.186987,-1.53167,3.39655
1.04587,2.31456,-1.26299,1.07533,872438942,0.178849,-0.621837,3.19381,0.207395,-0.621815,3.19268,0.207514,-0.593472,3.19626,0.178968,-0.593494,3.19739,0.187465,-0.650778,3.41173,0.217392,-0.650755,3.41055,0.217516,-0.621041,3.4143,0.187589,-0.621065,3.41548
-0.314489,2.55709,1.17252,1.81494,872438978,0.207374,0.444596,3.19176,0.207285,0.473037,3.18907,0.178739,0.473054,3.1902,0.178828,0.444613,3.19288,0.217388,0.465297,3.41056,0.217295,0.495114,3.40774,0.187368,0.495132,3.40892,0.187462,0.465315,3.41174
-0.303335,2.50444,1.19411,1.22469,872438979,0.207285,0.473586,3.18903,0.207189,0.50201,3.18616,0.178643,0.502027,3.18729,0.178739,0.473603,3.19015,0.217295,0.495663,3.40769,0.217194,0.525462,3.40469,0.187267,0.52548,3.40587,0.187368,0.495681,3.40887
1.09945,2.45404,1.2136,-1.68969,872438980,0.207196,0.50258,3.18631,0.207093,0.530985,3.18326,0.178547,0.531002,3.18439,0.17865,0.502597,3.18743,0.217201,0.526032,3.40483,0.217093,0.555811,3.40164,0.187166,0.555829,3.40282,0.187274,0.52605,3.40601
0.704175,2.40575,1.23126,-17.3989,872438981,0.207107,0.531579,3.18359,0.206997,0.559964,3.18037,0.178451,0.559981,3.18149,0.178561,0.531596,3.18472,0.217107,0.556405,3.40196,0.216991,0.586164,3.39858,0.187065,0.586181,3.39976,0.18718,0.556423,3.40314
-0.281887,2.35944,1.24733,0.052366,872438982,0.207019,0.560584,3.18089,0.206901,0.588949,3.17749,0.178356,0.588965,3.17861,0.178473,0.560601,3.18201,0.217013,0.586783,3.3991,0.21689,0.616519,3.39553,0.186963,0.616537,3.39671,0.187086,0.5868,3.40028
0.32272,2.31456,1.26299,0.090976,872438983,0.207514,0.593472,3.19626,0.207395,0.621815,3.19268,0.178849,0.621837,3.19381,0.178968,0.593494,3.19739,0.217516,0.621041,3.4143,0.217391,0.650755,3.41055,0.187465,0.650778,3.41173,0.187589,0.621064,3.41548
0.38669,2.27198,1.27632,8.41691,872438984,0.207394,0.622362,3.19262,0.207268,0.650682,3.18887,0.178722,0.650704,3.18999,0.178848,0.622385,3.19375,0.21739,0.651302,3.41049,0.217259,0.680992,3.40655,0.187332,0.681015,3.40773,0.187464,0.651326,3.41167
1.14026,2.231,1.28859,18.1486,872438985,0.207275,0.651256,3.18899,0.207142,0.679552,3.18506,0.178596,0.679575,3.18618,0.178729,0.651279,3.19012,0.217265,0.681566,3.40667,0.217126,0.71123,3.40254,0.187199,0.711254,3.40372,0.187338,0.68159,3.40785
3.93492,2.19151,1.29992,0.410164,872438986,0.207155,0.680156,3.18537,0.207016,0.708426,3.18126,0.17847,0.708449,3.18238,0.17861,0.680178,3.18649,0.217139,0.711834,3.40285,0.216993,0.741472,3.39854,0.187066,0.741495,3.39972,0.187213,0.711857,3.40403
0.531539,2.15343,1.3104,-6.83309,872438987,0.207036,0.709061,3.18175,0.20689,0.737305,3.17747,0.178344,0.737328,3.17859,0.178491,0.709084,3.18288,0.217014,0.742107,3.39903,0.21686,0.771717,3.39454,0.186933,0.77174,3.39572,0.187087,0.74213,3.40021
0.0518839,2.11707,1.32087,-0.77996,872438988,0.20765,0.743152,3.20074,0.207501,0.771369,3.19627,0.178956,0.771397,3.1974,0.179104,0.743181,3.20187,0.217638,0.777563,3.41781,0.217482,0.807144,3.41312,0.187555,0.807174,3.41431,0.187711,0.777592,3.41899
0.0837808,2.08169,1.32984,-0.684835,872438989,0.2075,0.771914,3.1962,0.207344,0.800102,3.19155,0.178799,0.80013,3.19268,0.178954,0.771942,3.19732,0.21748,0.807689,3.41304,0.217317,0.83724,3.40817,0.187391,0.83727,3.40936,0.187554,0.807719,3.41422
0.344749,2.04746,1.33821,32.5207,872438990,0.20735,0.80068,3.19166,0.207188,0.828838,3.18684,0.178642,0.828866,3.18797,0.178804,0.800708,3.19279,0.217323,0.837818,3.40828,0.217153,0.867338,3.40322,0.187226,0.867368,3.40441,0.187396,0.837848,3.40946
0.0197472,2.01431,1.34604,-0.11332,872438991,0.207201,0.829451,3.18713,0.207031,0.857578,3.18214,0.178485,0.857607,3.18326,0.178655,0.829479,3.18826,0.217166,0.867951,3.40351,0.216988,0.897439,3.39827,0.187061,0.897468,3.39946,0.187239,0.867981,3.40469
-0.189757,1.49932,-1.42192,-1.46822,872439041,0.207341,-1.49224,3.17744,0.235878,-1.49214,3.17613,0.23618,-1.46491,3.18478,0.207642,-1.46501,3.18609,0.217162,-1.56021,3.38645,0.247081,-1.56011,3.38508,0.247396,-1.53156,3.39415,0.217478,-1.53167,3.39552
-0.229866,1.66234,-1.39333,-0.972052,872439049,0.208114,-1.25446,3.19965,0.236652,-1.25437,3.19835,0.236899,-1.22675,3.20562,0.208361,-1.22684,3.20693,0.218012,-1.31184,3.41181,0.24793,-1.31174,3.41044,0.248189,-1.28278,3.41807,0.21827,-1.28288,3.41944
0.168833,1.68517,-1.3891,0.787694,872439050,0.208363,-1.2263,3.20705,0.236901,-1.22621,3.20575,0.237139,-1.19854,3.21285,0.208602,-1.19863,3.21415,0.218273,-1.28234,3.41957,0.248191,-1.28225,3.4182,0.248441,-1.25324,3.42564,0.218523,-1.25333,3.42701
0.189624,1.70642,-1.38395,42.7323,872439051,0.207395,-1.18702,3.17754,0.235933,-1.18694,3.17623,0.236174,-1.15922,3.18316,0.207636,-1.1593,3.18447,0.217287,-1.24172,3.39041,0.247206,-1.24164,3.38904,0.247458,-1.21258,3.3963,0.21754,-1.21266,3.39767
0.192441,1.73045,-1.37924,-20.649,872439052,0.207612,-1.15862,3.18403,0.23615,-1.15854,3.18272,0.236383,-1.13079,3.18948,0.207845,-1.13086,3.19078,0.217516,-1.21199,3.39724,0.247435,-1.2119,3.39587,0.247679,-1.1828,3.40294,0.21776,-1.18288,3.40431
-0.0358175,1.75506,-1.3743,-0.895404,872439053,0.20783,-1.13023,3.19053,0.236368,-1.13015,3.18922,0.236592,-1.10236,3.1958,0.208054,-1.10243,3.19711,0.217745,-1.18226,3.40406,0.247664,-1.18217,3.4027,0.247899,-1.15303,3.40959,0.217981,-1.15311,3.41096
0.642444,2.53326,1.11987,25.2394,872439106,0.236473,0.44458,3.19063,0.236384,0.473022,3.18795,0.207846,0.473055,3.18925,0.207935,0.444614,3.19194,0.247868,0.46528,3.40936,0.247775,0.495097,3.40655,0.217856,0.495132,3.40791,0.217949,0.465315,3.41073
0.156606,2.48294,1.14359,0.558813,872439107,0.236385,0.473571,3.1879,0.236288,0.501995,3.18504,0.207749,0.502028,3.18634,0.207847,0.473605,3.1892,0.247776,0.495646,3.4065,0.247674,0.525445,3.4035,0.217755,0.52548,3.40486,0.217857,0.495681,3.40787
3.89078,2.43456,1.16509,0.432114,872439108,0.236297,0.502565,3.18518,0.236192,0.53097,3.18214,0.207653,0.531004,3.18344,0.207759,0.502599,3.18648,0.247683,0.526015,3.40363,0.247572,0.555794,3.40044,0.217654,0.55583,3.40181,0.217764,0.52605,3.405
-0.239537,2.38804,1.18466,0.160216,872439109,0.236209,0.531564,3.18247,0.236096,0.559949,3.17924,0.207557,0.559983,3.18055,0.207671,0.531598,3.18377,0.24759,0.556387,3.40077,0.247471,0.586146,3.39739,0.217552,0.586182,3.39876,0.217671,0.556423,3.40214
-0.122027,2.34327,1.20252,0.449753,872439110,0.236122,0.560569,3.17976,0.236,0.588933,3.17636,0.207462,0.588967,3.17766,0.207584,0.560602,3.18106,0.247497,0.586765,3.3979,0.247369,0.616502,3.39434,0.217451,0.616538,3.39571,0.217578,0.586801,3.39927
-0.466336,2.29989,1.22011,-0.013162,872439111,0.236612,0.593452,3.19513,0.236493,0.621794,3.19156,0.207955,0.621839,3.19286,0.208074,0.593497,3.19644,0.247996,0.621018,3.41311,0.247871,0.650732,3.40936,0.217953,0.650779,3.41072,0.218077,0.621065,3.41447
3.65299,2.25849,1.23499,2.28363,872439112,0.236494,0.622342,3.1915,0.236367,0.650662,3.18774,0.207829,0.650707,3.18904,0.207955,0.622387,3.1928,0.247872,0.651279,3.40929,0.247738,0.680969,3.40535,0.21782,0.681016,3.40672,0.217953,0.651326,3.41066
25.1286,2.21856,1.24873,0.434221,872439113,0.236375,0.651236,3.18786,0.23624,0.679532,3.18393,0.207702,0.679577,3.18523,0.207837,0.651281,3.18917,0.247747,0.681543,3.40547,0.247605,0.711207,3.40135,0.217687,0.711255,3.40272,0.217828,0.68159,3.40684
6.9847,2.18,1.26143,1.95387,872439114,0.236257,0.680135,3.18424,0.236114,0.708406,3.18013,0.207576,0.708451,3.18143,0.207719,0.680181,3.18555,0.247622,0.711811,3.40166,0.247472,0.741449,3.39735,0.217553,0.741496,3.39871,0.217704,0.711858,3.40302
0.0517202,2.14276,1.27321,-1.23332,872439115,0.23614,0.709041,3.18063,0.235988,0.737285,3.17634,0.20745,0.73733,3.17764,0.207601,0.709086,3.18193,0.247498,0.742084,3.39784,0.247339,0.771694,3.39334,0.21742,0.771741,3.39471,0.217579,0.742131,3.39921
0.456048,2.10725,1.28513,32.4952,872439116,0.236749,0.743127,3.19961,0.2366,0.771343,3.19514,0.208062,0.7714,3.19645,0.20821,0.743183,3.20092,0.248118,0.777534,3.41661,0.247962,0.807115,3.41193,0.218043,0.807174,3.4133,0.218199,0.777593,3.41798
0.50702,2.07253,1.29523,43.4974,872439117,0.2366,0.771889,3.19507,0.236443,0.800077,3.19042,0.207905,0.800133,3.19173,0.208062,0.771945,3.19637,0.247961,0.80766,3.41185,0.247797,0.837212,3.40698,0.217878,0.83727,3.40835,0.218043,0.807719,3.41321
0.508509,2.03889,1.30467,28.9505,872439118,0.236451,0.800655,3.19053,0.236286,0.828813,3.18571,0.207748,0.828869,3.18702,0.207913,0.800711,3.19184,0.247805,0.837789,3.40708,0.247632,0.867309,3.40203,0.217713,0.867368,3.4034,0.217886,0.837848,3.40845
-0.146552,2.00629,1.31351,0.061516,872439119,0.236303,0.829426,3.186,0.23613,0.857553,3.18101,0.207591,0.857609,3.18231,0.207764,0.829482,3.18731,0.247649,0.867922,3.40232,0.247467,0.89741,3.39708,0.217548,0.897469,3.39845,0.21773,0.867981,3.40368
-0.0588131,1.49626,-1.40273,-1.45668,872439169,0.236451,-1.49224,3.17648,0.26498,-1.49209,3.175,0.265285,-1.46487,3.18365,0.236756,-1.46502,3.18513,0.247653,-1.56021,3.38543,0.277562,-1.56005,3.38387,0.277883,-1.53151,3.39294,0.247973,-1.53167,3.39449
0.198397,1.65803,-1.37069,36.6279,872439177,0.237224,-1.25447,3.1987,0.265754,-1.25433,3.19722,0.266001,-1.22671,3.20449,0.237472,-1.22684,3.20597,0.248503,-1.31184,3.41079,0.278413,-1.3117,3.40924,0.278672,-1.28274,3.41686,0.248763,-1.28288,3.41842
0.0429944,1.68066,-1.36598,-1.33353,872439178,0.237473,-1.22631,3.2061,0.266002,-1.22617,3.20462,0.266241,-1.1985,3.21172,0.237712,-1.19864,3.2132,0.248764,-1.28234,3.41855,0.278673,-1.2822,3.417,0.278924,-1.25319,3.42444,0.249014,-1.25333,3.42599
2.58111,1.70163,-1.3601,1.83021,872439179,0.236505,-1.18702,3.17659,0.265034,-1.1869,3.17511,0.26528,-1.15919,3.18204,0.23675,-1.15931,3.18352,0.247778,-1.24172,3.38939,0.277687,-1.2416,3.38784,0.277945,-1.21254,3.3951,0.248035,-1.21266,3.39665
1.18604,1.72542,-1.35485,-6.44092,872439180,0.236722,-1.15863,3.18308,0.265252,-1.15851,3.1816,0.265488,-1.13075,3.18835,0.236958,-1.13087,3.18983,0.248007,-1.21199,3.39622,0.277917,-1.21186,3.39467,0.278164,-1.18276,3.40174,0.248255,-1.18289,3.4033
0.385232,1.74979,-1.34935,-18.0384,872439181,0.23694,-1.13024,3.18958,0.265469,-1.13012,3.1881,0.265696,-1.10232,3.19468,0.237167,-1.10244,3.19616,0.248236,-1.18226,3.40305,0.278146,-1.18213,3.4015,0.278384,-1.15299,3.40839,0.248474,-1.15311,3.40994
10.6075,2.71712,-0.934276,0.0505954,872439207,0.236778,-0.353951,3.18268,0.265307,-0.353917,3.1812,0.265376,-0.325417,3.18317,0.236846,-0.325451,3.18466,0.248176,-0.370519,3.40177,0.278085,-0.370484,3.40021,0.278157,-0.340606,3.40228,0.248247,-0.340641,3.40383
2.86051,2.77313,-0.890902,1.99638,872439208,0.236844,-0.324901,3.18468,0.265373,-0.324867,3.1832,0.265433,-0.296355,3.18499,0.236903,-0.296389,3.18648,0.248245,-0.340091,3.40387,0.278155,-0.340055,3.40231,0.278217,-0.310164,3.40419,0.248307,-0.3102,3.40574
0.286737,2.50745,1.06976,1.11738,872439234,0.265575,0.444566,3.18952,0.265486,0.473007,3.18683,0.236956,0.473058,3.18831,0.237045,0.444617,3.191,0.278351,0.465262,3.40817,0.278258,0.495079,3.40535,0.248348,0.495133,3.40691,0.248441,0.465315,3.40972
0.864677,2.45955,1.09529,18.1072,872439235,0.265488,0.473556,3.18678,0.265389,0.50198,3.18392,0.23686,0.502031,3.1854,0.236958,0.473607,3.18827,0.278259,0.495628,3.40531,0.278156,0.525427,3.4023,0.248247,0.52548,3.40386,0.24835,0.495682,3.40686
0.540795,2.41328,1.11852,-4.30947,872439236,0.265401,0.50255,3.18406,0.265293,0.530956,3.18102,0.236764,0.531006,3.1825,0.236871,0.502601,3.18554,0.278168,0.525997,3.40244,0.278055,0.555777,3.39925,0.248145,0.55583,3.4008,0.248258,0.52605,3.40399
-0.207967,2.36862,1.13975,0.399857,872439237,0.265314,0.531549,3.18135,0.265198,0.559935,3.17813,0.236668,0.559985,3.17961,0.236785,0.5316,3.18283,0.278076,0.55637,3.39958,0.277953,0.586129,3.3962,0.248044,0.586182,3.39775,0.248166,0.556423,3.40113
0.30957,2.32549,1.1592,0.514913,872439238,0.265228,0.560554,3.17864,0.265102,0.588919,3.17524,0.236572,0.588969,3.17673,0.236699,0.560605,3.18013,0.277984,0.586748,3.39671,0.277852,0.616485,3.39315,0.247942,0.616538,3.3947,0.248074,0.586801,3.39826
0.00397286,2.28372,1.17852,-0.233235,872439239,0.265714,0.593432,3.19402,0.265595,0.621775,3.19044,0.237066,0.621843,3.19192,0.237184,0.5935,3.1955,0.278479,0.620995,3.41191,0.278354,0.650709,3.40816,0.248444,0.650779,3.40971,0.248569,0.621066,3.41347
2.77611,2.24358,1.19482,0.107792,872439240,0.265597,0.622323,3.19038,0.265469,0.650642,3.18662,0.236939,0.65071,3.1881,0.237067,0.62239,3.19186,0.278355,0.651256,3.4081,0.278221,0.680946,3.40416,0.248311,0.681016,3.40571,0.248446,0.651327,3.40965
5.61271,2.20478,1.20989,0.895291,872439241,0.265479,0.651217,3.18675,0.265342,0.679512,3.18281,0.236813,0.67958,3.18429,0.23695,0.651284,3.18823,0.278232,0.68152,3.40428,0.278088,0.711184,3.40016,0.248178,0.711255,3.40171,0.248322,0.681591,3.40583
0.683824,2.16724,1.22386,-11.2679,872439242,0.265363,0.680116,3.18312,0.265216,0.708387,3.17901,0.236686,0.708454,3.18049,0.236833,0.680184,3.18461,0.278108,0.711788,3.40046,0.277954,0.741426,3.39615,0.248045,0.741496,3.39771,0.248199,0.711858,3.40202
0.528823,2.1309,1.23685,23.3463,872439243,0.265246,0.709022,3.17951,0.26509,0.737265,3.17522,0.236561,0.737333,3.1767,0.236716,0.709089,3.18099,0.277984,0.74206,3.39665,0.277821,0.771671,3.39215,0.247911,0.771741,3.3937,0.248075,0.742131,3.3982
1.54468,2.09632,1.25012,28.4412,872439244,0.26585,0.743103,3.19849,0.265702,0.771319,3.19402,0.237172,0.771404,3.19551,0.237321,0.743187,3.19997,0.2786,0.777505,3.41541,0.278444,0.807087,3.41073,0.248535,0.807175,3.41229,0.248691,0.777593,3.41697
1.79136,2.06232,1.26128,1.00073,872439245,0.265702,0.771865,3.19395,0.265545,0.800052,3.1893,0.237015,0.800137,3.19079,0.237173,0.771949,3.19543,0.278445,0.807631,3.41065,0.27828,0.837183,3.40578,0.24837,0.837271,3.40734,0.248536,0.80772,3.4122
0.0325114,2.02935,1.27172,-2.13636,872439246,0.265555,0.800631,3.18941,0.265388,0.828789,3.18459,0.236858,0.828873,3.18607,0.237025,0.800715,3.19089,0.27829,0.837761,3.40589,0.278115,0.867281,3.40083,0.248205,0.867369,3.40239,0.24838,0.837849,3.40744
-0.207884,1.99734,1.28151,-0.660042,872439247,0.265408,0.829402,3.18488,0.265231,0.857529,3.17989,0.236702,0.857613,3.18137,0.236878,0.829486,3.18637,0.278134,0.867894,3.40112,0.277949,0.897381,3.39588,0.24804,0.89747,3.39744,0.248225,0.867982,3.40267
0.0370361,1.96626,1.29071,-0.546823,872439248,0.265261,0.85818,3.18036,0.265075,0.886275,3.17519,0.236546,0.886359,3.17667,0.236731,0.858264,3.18184,0.277979,0.898031,3.39635,0.277784,0.927486,3.39093,0.247874,0.927574,3.39248,0.248069,0.89812,3.39791
-0.184815,1.49287,-1.38365,-4.23184,872439297,0.265566,-1.49225,3.17553,0.294085,-1.49205,3.17388,0.294395,-1.46483,3.18253,0.265876,-1.46503,3.18418,0.278149,-1.56021,3.3844,0.308048,-1.56,3.38267,0.308373,-1.53146,3.39174,0.278474,-1.53167,3.39347
-0.217004,1.51185,-1.37995,-2.03312,872439298,0.265845,-1.46432,3.18379,0.294364,-1.46412,3.18214,0.294664,-1.43684,3.19062,0.266144,-1.43704,3.19227,0.278443,-1.53097,3.39308,0.308342,-1.53076,3.39135,0.308656,-1.50216,3.40024,0.278757,-1.50237,3.40197
0.159526,1.53118,-1.3761,-1.54258,872439299,0.266124,-1.4364,3.19206,0.294643,-1.4362,3.19041,0.294933,-1.40887,3.19872,0.266413,-1.40907,3.20037,0.278736,-1.50172,3.40176,0.308635,-1.50151,3.40003,0.308939,-1.47286,3.40874,0.27904,-1.47307,3.41047
-0.461245,1.55089,-1.37212,-2.98836,872439300,0.266403,-1.40848,3.20033,0.294923,-1.40828,3.19868,0.295202,-1.3809,3.20682,0.266682,-1.3811,3.20847,0.27903,-1.47248,3.41044,0.308929,-1.47227,3.40871,0.309222,-1.44357,3.41724,0.279323,-1.44378,3.41897
0.164228,1.58882,-1.36257,-1.99714,872439302,0.265595,-1.33899,3.1756,0.294114,-1.33881,3.17394,0.294394,-1.31133,3.18173,0.265875,-1.3115,3.18339,0.278215,-1.40034,3.38649,0.308114,-1.40016,3.38476,0.308408,-1.37134,3.39293,0.278508,-1.37153,3.39466
-0.179038,1.60985,-1.35799,-2.62901,872439303,0.265843,-1.31081,3.18297,0.294362,-1.31063,3.18132,0.294632,-1.2831,3.18894,0.266113,-1.28328,3.19059,0.278477,-1.37084,3.39425,0.308376,-1.37065,3.39252,0.308659,-1.34179,3.40051,0.278759,-1.34197,3.40224
0.154238,1.63133,-1.35323,5.26986,872439304,0.266091,-1.28264,3.19036,0.294611,-1.28246,3.18871,0.29487,-1.25488,3.19615,0.266351,-1.25506,3.19781,0.278738,-1.34134,3.40201,0.308637,-1.34115,3.40028,0.308909,-1.31224,3.40809,0.27901,-1.31242,3.40982
-0.142513,1.65326,-1.34826,-1.06148,872439305,0.26634,-1.25448,3.19775,0.294859,-1.2543,3.1961,0.295108,-1.22667,3.20337,0.266589,-1.22685,3.20503,0.278999,-1.31184,3.40977,0.308899,-1.31165,3.40804,0.30916,-1.28269,3.41566,0.27926,-1.28288,3.4174
0.0187474,1.67567,-1.34307,-52.7835,872439306,0.266589,-1.22632,3.20516,0.295108,-1.22614,3.2035,0.295347,-1.19847,3.2106,0.266827,-1.19864,3.21226,0.27926,-1.28234,3.41753,0.30916,-1.28216,3.41579,0.30941,-1.25315,3.42324,0.279511,-1.25333,3.42497
4.55958,1.69634,-1.33649,1.82285,872439307,0.265621,-1.18703,3.17565,0.29414,-1.18687,3.17399,0.29439,-1.15916,3.18092,0.265871,-1.15931,3.18258,0.278274,-1.24172,3.38837,0.308173,-1.24156,3.38664,0.308435,-1.2125,3.3939,0.278536,-1.21267,3.39563
1.88331,1.71988,-1.33072,-0.836424,872439308,0.265838,-1.15863,3.18214,0.294358,-1.15848,3.18048,0.294597,-1.13072,3.18724,0.266077,-1.13088,3.18889,0.278503,-1.21199,3.3952,0.308403,-1.21182,3.39347,0.308654,-1.18272,3.40054,0.278754,-1.18289,3.40228
0.363538,1.74396,-1.32467,18.941,872439309,0.266056,-1.13025,3.18864,0.294575,-1.13009,3.18698,0.294804,-1.10229,3.19356,0.266285,-1.10245,3.19522,0.278733,-1.18226,3.40203,0.308632,-1.18209,3.4003,0.308872,-1.15295,3.40719,0.278973,-1.15311,3.40893
5.97993,2.88292,-0.668383,-4.95133,872439339,0.265773,-0.235423,3.17795,0.294293,-0.2354,3.17629,0.294343,-0.20686,3.17755,0.265824,-0.206882,3.17921,0.278556,-0.246474,3.39731,0.308455,-0.246451,3.39556,0.308508,-0.21653,3.39688,0.278609,-0.216553,3.39862
0.0503681,2.48001,1.02226,1.37945,872439362,0.294681,0.444552,3.18841,0.294592,0.472994,3.18572,0.266072,0.473061,3.18738,0.266161,0.44462,3.19007,0.308838,0.465245,3.40698,0.308744,0.495062,3.40416,0.278845,0.495133,3.4059,0.278938,0.465316,3.40872
0.270228,2.43455,1.04926,0.348687,872439363,0.294595,0.473543,3.18568,0.294496,0.501966,3.18281,0.265976,0.502034,3.18447,0.266075,0.47361,3.18734,0.308747,0.495611,3.40411,0.308643,0.52541,3.40111,0.278744,0.525481,3.40285,0.278848,0.495682,3.40585
-0.496177,2.39045,1.07396,0.397456,872439364,0.294509,0.502537,3.18295,0.294399,0.530942,3.17991,0.26588,0.53101,3.18157,0.26599,0.502604,3.18461,0.308656,0.52598,3.40125,0.308541,0.555759,3.39806,0.278642,0.55583,3.3998,0.278757,0.526051,3.40299
-0.314542,2.3477,1.09662,0.392408,872439365,0.294424,0.531536,3.18024,0.294304,0.559921,3.17702,0.265784,0.559989,3.17868,0.265904,0.531603,3.1819,0.308566,0.556353,3.39838,0.308439,0.586112,3.39501,0.27854,0.586182,3.39675,0.278666,0.556424,3.40012
-0.209727,2.30628,1.11745,0.834463,872439366,0.294339,0.56054,3.17754,0.294208,0.588905,3.17414,0.265689,0.588973,3.1758,0.265819,0.560608,3.1792,0.308474,0.586731,3.39552,0.308337,0.616468,3.39195,0.278438,0.616538,3.39369,0.278575,0.586802,3.39726
0.524149,2.26619,1.13831,-24.7689,872439367,0.29482,0.593414,3.19291,0.294701,0.621757,3.18933,0.266182,0.621847,3.19099,0.2663,0.593504,3.19457,0.308965,0.620972,3.41072,0.308841,0.650686,3.40697,0.278941,0.65078,3.40871,0.279066,0.621066,3.41246
-0.342101,2.22739,1.15587,0.148821,872439368,0.294704,0.622304,3.18927,0.294575,0.650624,3.18551,0.266055,0.650714,3.18717,0.266184,0.622394,3.19093,0.308843,0.651233,3.4069,0.308707,0.680923,3.40296,0.278808,0.681017,3.4047,0.278944,0.651327,3.40864
1.03226,2.18978,1.17215,22.0211,872439369,0.294588,0.651199,3.18564,0.294448,0.679494,3.1817,0.265929,0.679584,3.18336,0.266068,0.651289,3.1873,0.30872,0.681497,3.40309,0.308574,0.711161,3.39896,0.278675,0.711256,3.4007,0.278821,0.681591,3.40483
-0.358033,2.15331,1.18728,-0.474335,872439370,0.294472,0.680098,3.18201,0.294322,0.708368,3.1779,0.265802,0.708458,3.17956,0.265952,0.680188,3.18367,0.308598,0.711765,3.39927,0.308441,0.741403,3.39496,0.278541,0.741497,3.3967,0.278698,0.711859,3.40101
0.679328,2.11794,1.20137,13.9024,872439371,0.294357,0.709004,3.1784,0.294196,0.737247,3.17411,0.265677,0.737337,3.17577,0.265837,0.709094,3.18006,0.308475,0.742037,3.39545,0.308307,0.771648,3.39096,0.278407,0.771742,3.3927,0.278576,0.742132,3.39719
-0.299494,2.08436,1.2159,-0.794356,872439372,0.294956,0.74308,3.19738,0.294808,0.771297,3.19291,0.266288,0.771409,3.19457,0.266437,0.743193,3.19904,0.309087,0.777476,3.41422,0.308931,0.807058,3.40954,0.279032,0.807175,3.41128,0.279187,0.777594,3.41596
0,2.05114,1.22804,0,872439373,0.29481,0.771842,3.19284,0.294651,0.80003,3.18819,0.266131,0.800142,3.18985,0.26629,0.771954,3.19449,0.308933,0.807603,3.40945,0.308766,0.837154,3.40459,0.278867,0.837272,3.40633,0.279033,0.80772,3.41119
-0.0220413,2.01888,1.23942,-1.67594,872439374,0.294663,0.800608,3.1883,0.294494,0.828766,3.18348,0.265974,0.828878,3.18514,0.266144,0.80072,3.18996,0.308778,0.837732,3.40469,0.308601,0.867252,3.39964,0.278702,0.86737,3.40138,0.278879,0.83785,3.40643
-0.140221,1.98752,1.25011,0.066331,872439375,0.294517,0.829379,3.18377,0.294337,0.857506,3.17878,0.265818,0.857619,3.18043,0.265997,0.829492,3.18543,0.308624,0.867865,3.39992,0.308435,0.897353,3.39469,0.278536,0.89747,3.39643,0.278725,0.867983,3.40166
-0.0934212,1.95703,1.26017,-0.076914,872439376,0.294371,0.858157,3.17925,0.294181,0.886252,3.17408,0.265661,0.886364,3.17574,0.265852,0.858269,3.18091,0.308469,0.898003,3.39516,0.30827,0.927457,3.38974,0.278371,0.927575,3.39147,0.27857,0.89812,3.3969
0.0396737,1.58658,-1.33998,-0.776424,872439430,0.296918,-1.33897,3.1842,0.325423,-1.33897,3.1823,0.325942,-1.31148,3.19008,0.297437,-1.31148,3.19198,0.310981,-1.40034,3.395,0.340864,-1.40034,3.39301,0.341408,-1.37153,3.40117,0.311525,-1.37153,3.40316
0.11502,1.60736,-1.33479,-0.528587,872439431,0.29741,-1.31079,3.19157,0.325914,-1.31079,3.18967,0.326422,-1.28326,3.19727,0.297917,-1.28326,3.19917,0.311497,-1.37083,3.40275,0.341381,-1.37083,3.40076,0.341913,-1.34197,3.40873,0.312029,-1.34197,3.41073
0.146637,1.62857,-1.32939,-12.8967,872439432,0.297901,-1.28262,3.19894,0.326406,-1.28262,3.19704,0.326902,-1.25504,3.20447,0.298397,-1.25504,3.20638,0.312014,-1.34133,3.4105,0.341898,-1.34133,3.4085,0.342418,-1.31242,3.4163,0.312534,-1.31242,3.41829
-0.0348236,1.65021,-1.32375,-0.181285,872439433,0.298394,-1.25445,3.20632,0.326899,-1.25446,3.20442,0.327383,-1.22683,3.21168,0.298878,-1.22683,3.21359,0.312531,-1.31184,3.41824,0.342414,-1.31184,3.41625,0.342922,-1.28287,3.42386,0.313039,-1.28287,3.42586
0.0984694,1.67231,-1.31787,-0.403564,872439434,0.298887,-1.22629,3.21371,0.327392,-1.22629,3.21181,0.327864,-1.19862,3.2189,0.29936,-1.19862,3.2208,0.313047,-1.28234,3.42599,0.342931,-1.28234,3.42399,0.343427,-1.25333,3.43142,0.313543,-1.25333,3.43342
0.0526899,1.69285,-1.31132,-1.487,872439435,0.296944,-1.18701,3.18424,0.325449,-1.18701,3.18234,0.325909,-1.15929,3.18926,0.297404,-1.15929,3.19115,0.3111,-1.24172,3.39686,0.340984,-1.24172,3.39487,0.341467,-1.21266,3.40212,0.311583,-1.21266,3.40411
0.275546,1.71604,-1.30483,47.437,872439436,0.297376,-1.15862,3.19072,0.32588,-1.15862,3.18882,0.326329,-1.13086,3.19556,0.297824,-1.13086,3.19746,0.311554,-1.21198,3.40368,0.341438,-1.21198,3.40169,0.341909,-1.18288,3.40876,0.312025,-1.18288,3.41075
-0.0699515,1.73975,-1.29803,0.264895,872439437,0.297808,-1.13023,3.19721,0.326312,-1.13023,3.19531,0.32675,-1.10243,3.20188,0.298245,-1.10243,3.20377,0.312008,-1.18225,3.4105,0.341892,-1.18225,3.40851,0.34235,-1.15311,3.41539,0.312467,-1.15311,3.41738
0.623271,2.4088,1.00187,27.6448,872439491,0.326283,0.473602,3.19397,0.326093,0.502026,3.19111,0.297588,0.502026,3.193,0.297777,0.473602,3.19586,0.342126,0.49568,3.41229,0.341927,0.525479,3.40929,0.312043,0.525479,3.41127,0.312241,0.49568,3.41427
0.515387,2.36714,1.028,1.26002,872439492,0.326103,0.502596,3.19126,0.325902,0.531001,3.18822,0.297396,0.531001,3.19011,0.297597,0.502596,3.19314,0.341937,0.526049,3.40943,0.341726,0.555829,3.40625,0.311841,0.555829,3.40823,0.312052,0.526049,3.41141
-0.141605,2.32657,1.05208,74.7805,872439493,0.325923,0.531595,3.18855,0.32571,0.559981,3.18533,0.297205,0.559981,3.18722,0.297418,0.531595,3.19043,0.341747,0.556422,3.40657,0.341524,0.586181,3.4032,0.311639,0.586181,3.40518,0.311863,0.556422,3.40855
0.275445,2.28709,1.07432,-24.1853,872439494,0.325745,0.5606,3.18585,0.32552,0.588965,3.18245,0.297014,0.588965,3.18434,0.297239,0.5606,3.18773,0.341558,0.5868,3.40371,0.341322,0.616537,3.40015,0.311438,0.616537,3.40213,0.311673,0.5868,3.40569
0.000229964,2.2485,1.09596,-43.498,872439495,0.326751,0.593493,3.2012,0.326514,0.621836,3.19762,0.298009,0.621836,3.19951,0.298246,0.593493,3.20309,0.342567,0.621064,3.41889,0.342319,0.650778,3.41515,0.312434,0.650778,3.41713,0.312683,0.621064,3.42087
2.0258,2.21129,1.11489,-2.30959,872439496,0.32651,0.622384,3.19756,0.326262,0.650703,3.19381,0.297756,0.650703,3.1957,0.298005,0.622384,3.19945,0.342314,0.651325,3.41508,0.342054,0.681015,3.41115,0.312169,0.681015,3.41313,0.31243,0.651325,3.41706
16.0413,2.1751,1.1325,0.706298,872439497,0.32627,0.651278,3.19394,0.32601,0.679574,3.19001,0.297504,0.679573,3.1919,0.297765,0.651278,3.19583,0.342062,0.681589,3.41127,0.341789,0.711254,3.40716,0.311905,0.711254,3.40914,0.312178,0.681589,3.41325
1.39466,2.13993,1.1489,6.07808,872439498,0.32603,0.680177,3.19032,0.325758,0.708447,3.18622,0.297253,0.708447,3.18811,0.297525,0.680177,3.19221,0.341809,0.711857,3.40746,0.341524,0.741495,3.40316,0.31164,0.741495,3.40514,0.311925,0.711857,3.40944
0.773497,2.10572,1.16421,0.575216,872439499,0.325791,0.709083,3.18671,0.325507,0.737327,3.18243,0.297002,0.737327,3.18432,0.297286,0.709083,3.1886,0.341557,0.74213,3.40365,0.341259,0.77174,3.39916,0.311375,0.77174,3.40114,0.311672,0.74213,3.40563
0.17053,2.07295,1.17927,76.6228,872439500,0.327035,0.743179,3.20567,0.326739,0.771396,3.20121,0.298234,0.771396,3.2031,0.29853,0.743179,3.20756,0.342804,0.777591,3.42239,0.342494,0.807173,3.41772,0.312609,0.807173,3.4197,0.31292,0.777591,3.42438
0.260665,2.04071,1.19258,-7.56507,872439501,0.326734,0.771941,3.20113,0.326427,0.800129,3.1965,0.297921,0.800129,3.19839,0.298229,0.771941,3.20303,0.342488,0.807718,3.41764,0.342166,0.837269,3.41278,0.312281,0.837269,3.41476,0.312604,0.807718,3.41962
-0.0366103,2.00933,1.20508,-0.566515,872439502,0.326434,0.800707,3.19661,0.326114,0.828865,3.19179,0.297609,0.828865,3.19368,0.297928,0.800707,3.1985,0.342173,0.837847,3.41288,0.341838,0.867367,3.40784,0.311953,0.867367,3.40982,0.312288,0.837847,3.41486
-0.178407,1.97878,1.21683,-0.208954,872439503,0.326134,0.829478,3.19209,0.325803,0.857605,3.1871,0.297297,0.857605,3.18899,0.297628,0.829478,3.19398,0.341857,0.86798,3.40812,0.34151,0.897468,3.40289,0.311625,0.897468,3.40488,0.311973,0.86798,3.41011
-0.0672116,1.94902,1.2279,-23.1629,872439504,0.325834,0.858256,3.18757,0.325491,0.886351,3.18241,0.296986,0.886351,3.1843,0.297329,0.858256,3.18946,0.341541,0.898118,3.40336,0.341182,0.927572,3.39795,0.311298,0.927572,3.39993,0.311657,0.898118,3.40535
1.21294,1.92115,1.2389,50.9088,872439505,0.327316,0.893824,3.21011,0.326961,0.921886,3.20477,0.298456,0.921886,3.20667,0.298811,0.893824,3.21201,0.343026,0.935044,3.42565,0.342654,0.964463,3.42005,0.31277,0.964463,3.42204,0.313142,0.935044,3.42764
0.0605141,1.58134,-1.31931,-0.858227,872439558,0.325973,-1.33897,3.18227,0.354465,-1.33892,3.1802,0.354989,-1.31144,3.18798,0.326496,-1.31148,3.19005,0.341414,-1.40034,3.39298,0.371285,-1.40029,3.3908,0.371834,-1.37148,3.39896,0.341963,-1.37153,3.40113
0.308303,1.60191,-1.31373,29.3711,872439559,0.326464,-1.31079,3.18964,0.354957,-1.31075,3.18756,0.355468,-1.28322,3.19517,0.326975,-1.28326,3.19724,0.341931,-1.37084,3.40072,0.371802,-1.37079,3.39855,0.372338,-1.34192,3.40652,0.342467,-1.34197,3.4087
0.816482,1.62288,-1.30791,2.48334,872439560,0.326956,-1.28262,3.19701,0.355449,-1.28258,3.19494,0.355947,-1.255,3.20237,0.327454,-1.25504,3.20445,0.342448,-1.34133,3.40847,0.372319,-1.34129,3.40629,0.372841,-1.31237,3.41409,0.342971,-1.31242,3.41626
0.098708,1.64428,-1.30186,-1.60242,872439561,0.327449,-1.25446,3.20439,0.355941,-1.25441,3.20232,0.356427,-1.22679,3.20958,0.327934,-1.22683,3.21165,0.342965,-1.31184,3.41622,0.372836,-1.31179,3.41404,0.373345,-1.28283,3.42165,0.343474,-1.28287,3.42383
-0.072101,1.66612,-1.29554,-0.877796,872439562,0.327942,-1.2263,3.21178,0.356434,-1.22625,3.20971,0.356907,-1.19858,3.2168,0.328415,-1.19863,3.21887,0.343482,-1.28234,3.42396,0.373353,-1.28229,3.42179,0.373848,-1.25328,3.42922,0.343978,-1.25333,3.43139
0.0483189,1.6863,-1.28833,42.557,872439563,0.325999,-1.18701,3.18231,0.354492,-1.18697,3.18024,0.354957,-1.15926,3.18715,0.326464,-1.1593,3.18923,0.341534,-1.24172,3.39484,0.371405,-1.24168,3.39267,0.371893,-1.21262,3.39992,0.342022,-1.21266,3.40209
-0.156646,1.70919,-1.28135,0.589753,872439564,0.326431,-1.15862,3.18879,0.354923,-1.15858,3.18672,0.355376,-1.13082,3.19346,0.326883,-1.13086,3.19553,0.341989,-1.21198,3.40166,0.37186,-1.21194,3.39949,0.372334,-1.18284,3.40655,0.342463,-1.18288,3.40873
-0.0894543,1.73258,-1.27406,0.190224,872439565,0.326863,-1.13023,3.19528,0.355355,-1.13019,3.19321,0.355795,-1.10239,3.19977,0.327302,-1.10243,3.20185,0.342443,-1.18225,3.40848,0.372314,-1.18221,3.4063,0.372774,-1.15307,3.41319,0.342903,-1.15311,3.41536
-0.125622,2.38113,0.96073,47.1205,872439619,0.355327,0.473586,3.19188,0.355137,0.50201,3.18902,0.326644,0.502027,3.19108,0.326834,0.473603,3.19395,0.372549,0.495663,3.41009,0.37235,0.525462,3.4071,0.342478,0.52548,3.40926,0.342678,0.495681,3.41226
-0.359438,2.34162,0.987804,1.92311,872439620,0.355149,0.50258,3.18916,0.354945,0.530985,3.18612,0.326452,0.531002,3.18819,0.326655,0.502597,3.19123,0.372361,0.526032,3.40723,0.372148,0.555811,3.40405,0.342276,0.555829,3.40621,0.34249,0.52605,3.4094
0.994497,2.30299,1.01285,-1.83272,872439621,0.35497,0.531579,3.18645,0.354754,0.559964,3.18324,0.326261,0.559981,3.1853,0.326477,0.531596,3.18852,0.372173,0.556405,3.40437,0.371946,0.586164,3.401,0.342074,0.586181,3.40317,0.342301,0.556423,3.40654
-0.425773,2.26526,1.03607,-0.012041,872439622,0.354792,0.560584,3.18375,0.354563,0.588948,3.18036,0.32607,0.588965,3.18242,0.326299,0.560601,3.18582,0.371984,0.586783,3.40151,0.371744,0.61652,3.39795,0.341872,0.616537,3.40012,0.342113,0.5868,3.40368
-0.189086,2.22841,1.05888,0.494813,872439623,0.355794,0.593472,3.1991,0.355558,0.621815,3.19553,0.327064,0.621837,3.1976,0.327301,0.593494,3.20117,0.372989,0.621041,3.41669,0.372741,0.650755,3.41295,0.34287,0.650778,3.41512,0.343118,0.621065,3.41886
2.42839,2.1926,1.07876,1.23654,872439624,0.355555,0.622362,3.19547,0.355305,0.650682,3.19172,0.326812,0.650704,3.19379,0.327062,0.622385,3.19754,0.372738,0.651302,3.41288,0.372476,0.680992,3.40895,0.342605,0.681015,3.41112,0.342866,0.651326,3.41505
8.12976,2.15769,1.0973,0.623764,872439625,0.355316,0.651256,3.19184,0.355053,0.679552,3.18792,0.32656,0.679575,3.18998,0.326822,0.651279,3.19391,0.372486,0.681566,3.40907,0.372211,0.71123,3.40496,0.34234,0.711254,3.40712,0.342615,0.68159,3.41124
0.767602,2.12367,1.11462,23.3501,872439626,0.355077,0.680156,3.18823,0.354801,0.708426,3.18412,0.326308,0.708449,3.18619,0.326584,0.680178,3.19029,0.372235,0.711834,3.40526,0.371946,0.741472,3.40096,0.342074,0.741495,3.40313,0.342363,0.711857,3.40743
0.200339,2.09052,1.13082,-37.0355,872439627,0.354839,0.709061,3.18462,0.354551,0.737305,3.18034,0.326057,0.737328,3.1824,0.326346,0.709084,3.18669,0.371983,0.742107,3.40145,0.371681,0.771717,3.39696,0.341809,0.77174,3.39913,0.342112,0.74213,3.40362
0.571467,2.05884,1.14694,-18.8394,872439628,0.356079,0.743152,3.20357,0.355783,0.771369,3.19911,0.32729,0.771397,3.20118,0.327586,0.743181,3.20564,0.373226,0.777563,3.42019,0.372916,0.807144,3.41552,0.343044,0.807173,3.41769,0.343355,0.777592,3.42236
-0.0640055,1.96704,1.18687,-0.184734,872439631,0.35518,0.829451,3.18999,0.354846,0.857578,3.185,0.326353,0.857607,3.18707,0.326687,0.829479,3.19206,0.372282,0.867951,3.40592,0.371931,0.897439,3.40069,0.34206,0.897468,3.40286,0.342411,0.867981,3.40809
0.0608513,1.93795,1.19867,-2.14426,872439632,0.354882,0.858229,3.18548,0.354534,0.886324,3.18031,0.326041,0.886352,3.18238,0.326389,0.858257,3.18754,0.371967,0.898089,3.40116,0.371603,0.927543,3.39575,0.341732,0.927573,3.39792,0.342096,0.898118,3.40333
1.01873,1.91078,1.21058,49.8752,872439633,0.356359,0.893792,3.20802,0.356004,0.921854,3.20267,0.327511,0.921887,3.20475,0.327866,0.893825,3.21009,0.373448,0.935009,3.42345,0.373076,0.964429,3.41785,0.343205,0.964464,3.42002,0.343577,0.935044,3.42562
0.0171783,1.57574,-1.29885,-2.25875,872439686,0.355031,-1.33897,3.18035,0.38351,-1.33888,3.1781,0.384038,-1.3114,3.18588,0.355559,-1.31149,3.18813,0.371851,-1.40034,3.39095,0.401708,-1.40025,3.38859,0.402261,-1.37143,3.39675,0.372404,-1.37153,3.39911
0.126117,1.59608,-1.29289,-1.96713,872439687,0.355523,-1.3108,3.18772,0.384002,-1.31071,3.18547,0.384516,-1.28318,3.19307,0.356037,-1.28326,3.19532,0.372368,-1.37084,3.3987,0.402225,-1.37074,3.39634,0.402764,-1.34188,3.40431,0.372907,-1.34197,3.40667
-0.0735889,1.61681,-1.28668,-1.59024,872439688,0.356015,-1.28263,3.19509,0.384494,-1.28254,3.19284,0.384994,-1.25496,3.20028,0.356515,-1.25505,3.20252,0.372885,-1.34134,3.40644,0.402742,-1.34124,3.40409,0.403267,-1.31233,3.41188,0.37341,-1.31242,3.41424
-0.0842623,1.63794,-1.28022,-1.46804,872439689,0.356507,-1.25446,3.20247,0.384986,-1.25437,3.20022,0.385473,-1.22675,3.20748,0.356994,-1.22684,3.20973,0.373402,-1.31184,3.41419,0.403259,-1.31174,3.41183,0.403769,-1.28278,3.41945,0.373912,-1.28288,3.4218
0.0131914,1.65951,-1.27349,-0.333181,872439690,0.357,-1.2263,3.20986,0.385479,-1.22621,3.20761,0.385952,-1.19854,3.2147,0.357473,-1.19863,3.21695,0.373919,-1.28234,3.42194,0.403776,-1.28225,3.41958,0.404272,-1.25324,3.42701,0.374415,-1.25333,3.42937
0.0687872,2.35267,0.921822,0.825493,872439747,0.384374,0.473571,3.18979,0.384182,0.501995,3.18693,0.355703,0.502028,3.18918,0.355894,0.473605,3.19204,0.402975,0.495646,3.4079,0.402774,0.525445,3.4049,0.372916,0.52548,3.40725,0.373117,0.495681,3.41025
-0.424932,2.31527,0.949622,0.313261,872439748,0.384196,0.502565,3.18708,0.383991,0.53097,3.18404,0.355511,0.531004,3.18628,0.355717,0.502599,3.18932,0.402787,0.526015,3.40504,0.402572,0.555794,3.40185,0.372714,0.555829,3.4042,0.37293,0.52605,3.40739
-0.162558,2.27855,0.975447,0.091956,872439749,0.384019,0.531564,3.18437,0.383799,0.559949,3.18115,0.35532,0.559983,3.1834,0.35554,0.531598,3.18661,0.4026,0.556388,3.40218,0.40237,0.586146,3.3988,0.372512,0.586182,3.40116,0.372743,0.556423,3.40453
0.746289,2.24256,0.999468,13.4623,872439750,0.383843,0.560569,3.18167,0.383609,0.588933,3.17827,0.355129,0.588967,3.18052,0.355363,0.560602,3.18391,0.402412,0.586765,3.39931,0.402167,0.616502,3.39576,0.37231,0.616538,3.39811,0.372555,0.586801,3.40167
0.475455,2.20745,1.02327,14.8271,872439751,0.38484,0.593452,3.19701,0.384603,0.621794,3.19344,0.356124,0.621839,3.19569,0.35636,0.593497,3.19926,0.403413,0.621018,3.41449,0.403165,0.650732,3.41075,0.373308,0.650779,3.4131,0.373556,0.621065,3.41685
0.236489,2.17306,1.04398,-0.122263,872439752,0.384601,0.622342,3.19338,0.384351,0.650662,3.18963,0.355871,0.650707,3.19188,0.356122,0.622387,3.19563,0.403163,0.651279,3.41068,0.4029,0.680969,3.40675,0.373043,0.681016,3.40911,0.373305,0.651326,3.41304
0.125239,2.13944,1.06333,-0.047813,872439753,0.384363,0.651236,3.18976,0.384099,0.679532,3.18583,0.355619,0.679577,3.18807,0.355884,0.651281,3.192,0.402912,0.681543,3.40687,0.402635,0.711207,3.40276,0.372777,0.711255,3.40511,0.373055,0.68159,3.40923
0.0638073,2.1066,1.08145,-0.913899,872439754,0.384126,0.680135,3.18614,0.383847,0.708406,3.18204,0.355367,0.708451,3.18428,0.355646,0.680181,3.18839,0.402662,0.711811,3.40306,0.402369,0.741449,3.39876,0.372512,0.741496,3.40111,0.372804,0.711858,3.40542
0.147425,2.07452,1.09844,-0.505433,872439755,0.383889,0.709041,3.18253,0.383596,0.737285,3.17825,0.355116,0.73733,3.1805,0.355409,0.709086,3.18478,0.402411,0.742084,3.39925,0.402104,0.771694,3.39476,0.372247,0.771741,3.39712,0.372554,0.742131,3.4016
0.417861,1.98368,1.14439,29.3055,872439758,0.384527,0.800655,3.19242,0.384203,0.828813,3.18761,0.355723,0.828869,3.18985,0.356047,0.800711,3.19467,0.403023,0.837789,3.40848,0.402683,0.86731,3.40343,0.372826,0.867368,3.40579,0.373166,0.837848,3.41083
-0.330527,1.95461,1.15761,-0.799985,872439759,0.384229,0.829426,3.1879,0.383891,0.857553,3.18291,0.355412,0.857609,3.18516,0.35575,0.829482,3.19015,0.402709,0.867922,3.40372,0.402355,0.89741,3.39849,0.372498,0.897469,3.40084,0.372852,0.867981,3.40607
0.0619593,1.92621,1.17009,16.4875,872439760,0.383932,0.858204,3.18339,0.38358,0.886299,3.17822,0.355101,0.886355,3.18047,0.355452,0.85826,3.18563,0.402395,0.89806,3.39896,0.402027,0.927514,3.39355,0.372169,0.927573,3.3959,0.372538,0.898119,3.40132
0.0760747,1.5698,-1.27862,-2.89245,872439814,0.384094,-1.33898,3.17844,0.412559,-1.33884,3.17601,0.413091,-1.31136,3.18379,0.384626,-1.3115,3.18621,0.402291,-1.40034,3.38892,0.432133,-1.4002,3.38638,0.432692,-1.37139,3.39454,0.40285,-1.37153,3.39708
0.048468,1.58989,-1.27229,-1.89757,872439815,0.384585,-1.3108,3.1858,0.41305,-1.31067,3.18338,0.413568,-1.28314,3.19099,0.385103,-1.28327,3.19341,0.402809,-1.37084,3.39667,0.432651,-1.3707,3.39413,0.433193,-1.34183,3.40211,0.403351,-1.34197,3.40465
0.230763,1.61036,-1.26571,8.20961,872439816,0.385077,-1.28263,3.19318,0.413542,-1.2825,3.19075,0.414045,-1.25492,3.19819,0.38558,-1.25505,3.20061,0.403326,-1.34134,3.40442,0.433168,-1.3412,3.40188,0.433695,-1.31228,3.40967,0.403853,-1.31242,3.41221
-0.0880701,1.63123,-1.25886,-0.835468,872439817,0.38557,-1.25447,3.20056,0.414035,-1.25433,3.19814,0.414522,-1.22671,3.2054,0.386058,-1.22684,3.20782,0.403843,-1.31184,3.41216,0.433685,-1.3117,3.40962,0.434196,-1.28274,3.41724,0.404355,-1.28288,3.41978
0.0437355,1.6525,-1.25172,-0.75013,872439818,0.386063,-1.22631,3.20795,0.414528,-1.22617,3.20553,0.415,-1.1985,3.21261,0.386536,-1.19864,3.21504,0.40436,-1.28234,3.41991,0.434202,-1.2822,3.41737,0.434698,-1.25319,3.4248,0.404856,-1.25333,3.42734
-0.206872,2.32365,0.885077,0.436723,872439875,0.413424,0.473556,3.18772,0.413232,0.50198,3.18486,0.384766,0.502031,3.18728,0.384959,0.473607,3.19014,0.433402,0.495628,3.4057,0.4332,0.525427,3.4027,0.403358,0.52548,3.40524,0.40356,0.495682,3.40824
0.231146,2.28828,0.913414,35.7661,872439876,0.413248,0.50255,3.185,0.41304,0.530956,3.18196,0.384575,0.531006,3.18438,0.384783,0.502601,3.18742,0.433216,0.525997,3.40284,0.432998,0.555777,3.39965,0.403156,0.55583,3.40219,0.403374,0.52605,3.40538
0.187871,2.25342,0.939839,0.778063,872439877,0.413072,0.531549,3.18229,0.412849,0.559935,3.17907,0.384383,0.559985,3.1815,0.384607,0.5316,3.18471,0.43303,0.55637,3.39998,0.432796,0.586129,3.39661,0.402954,0.586182,3.39914,0.403188,0.556423,3.40252
-0.312499,2.21914,0.964508,0.536573,872439878,0.412896,0.560554,3.17959,0.412658,0.588919,3.1762,0.384193,0.588969,3.17862,0.384431,0.560605,3.18201,0.432843,0.586748,3.39712,0.432593,0.616485,3.39356,0.402751,0.616538,3.3961,0.403001,0.586801,3.39966
-0.239274,2.18577,0.989148,-0.029862,872439879,0.413889,0.593432,3.19494,0.413652,0.621775,3.19136,0.385187,0.621843,3.19379,0.385424,0.5935,3.19736,0.43384,0.620995,3.41229,0.433591,0.650709,3.40855,0.403749,0.650779,3.41109,0.403998,0.621066,3.41483
0.796611,2.12046,1.03059,-9.77014,872439881,0.413415,0.651217,3.18768,0.413148,0.679512,3.18375,0.384683,0.67958,3.18617,0.38495,0.651284,3.1901,0.433341,0.68152,3.40467,0.433061,0.711184,3.40056,0.403219,0.711255,3.4031,0.403499,0.681591,3.40721
-0.0168062,1.56352,-1.25863,-2.90451,872439942,0.413162,-1.33899,3.17653,0.441612,-1.33881,3.17394,0.442149,-1.31133,3.18171,0.413699,-1.3115,3.18431,0.432737,-1.40034,3.3869,0.462562,-1.40016,3.38418,0.463125,-1.37134,3.39233,0.4333,-1.37153,3.39505
0.426096,1.98351,1.07162,-0.248127,872440013,0.44293,0.771842,3.1928,0.442618,0.80003,3.18816,0.414168,0.800142,3.19076,0.41448,0.771954,3.1954,0.464195,0.807603,3.40883,0.463868,0.837154,3.40397,0.434043,0.837272,3.4067,0.43437,0.807721,3.41156
0.0207948,1.56032,-1.23681,-0.548526,872440070,0.445235,-1.33897,3.18896,0.473662,-1.33897,3.18612,0.474437,-1.31148,3.19388,0.446011,-1.31148,3.19672,0.466249,-1.40034,3.39918,0.49605,-1.40034,3.3962,0.496863,-1.37153,3.40434,0.467062,-1.37153,3.40732
1.3559,2.507,0.498491,-2.51907,872440123,0.474026,0.235992,3.18877,0.473884,0.264524,3.18734,0.445456,0.264524,3.19017,0.445598,0.235992,3.1916,0.497133,0.247046,3.40728,0.496984,0.276958,3.40578,0.467181,0.276958,3.40874,0.46733,0.247046,3.41024
0.769088,2.2656,0.814137,24.0709,872440131,0.474907,0.473602,3.19776,0.474623,0.502026,3.1949,0.446196,0.502026,3.19773,0.446479,0.473602,3.20059,0.497948,0.49568,3.41544,0.497651,0.525479,3.41244,0.467848,0.525479,3.41541,0.468145,0.49568,3.4184
0.327148,1.56032,1.23681,34.5521,872440159,0.474437,1.31148,3.19388,0.473662,1.33897,3.18612,0.445235,1.33897,3.18896,0.446011,1.31148,3.19672,0.496863,1.37153,3.40434,0.49605,1.40034,3.3962,0.466249,1.40034,3.39918,0.467062,1.37153,3.40732
0.155086,1.55313,-1.21743,34.6516,872440198,0.474211,-1.33897,3.18607,0.502619,-1.33892,3.18306,0.503399,-1.31144,3.19081,0.474991,-1.31148,3.19383,0.496599,-1.40034,3.39615,0.526382,-1.40029,3.39299,0.5272,-1.37148,3.40113,0.497417,-1.37153,3.40429
1.22952,2.43424,0.519392,13.4334,872440252,0.502902,0.265104,3.18484,0.502738,0.293626,3.18324,0.474328,0.293632,3.18624,0.474492,0.26511,3.18785,0.527376,0.277538,3.40313,0.527204,0.30744,3.40144,0.49742,0.307446,3.40459,0.497592,0.277544,3.40628
-0.0365238,1.54567,-1.19832,-0.564779,872440326,0.50319,-1.33897,3.18319,0.531579,-1.33888,3.18,0.532364,-1.3114,3.18776,0.503974,-1.31149,3.19095,0.526952,-1.40034,3.39312,0.556715,-1.40025,3.38978,0.557538,-1.37143,3.39791,0.527775,-1.37153,3.40126
1.02629,2.36585,-0.539864,0.308909,872440360,0.504089,-0.324899,3.19128,0.532479,-0.324876,3.18809,0.532656,-0.296365,3.18988,0.504266,-0.296387,3.19306,0.528554,-0.34009,3.40939,0.558317,-0.340067,3.40605,0.558503,-0.310176,3.40792,0.52874,-0.3102,3.41126
0.949411,2.46991,-0.30477,1.14067,872440365,0.503733,-0.177222,3.18765,0.532124,-0.17721,3.18447,0.532212,-0.148657,3.18536,0.503822,-0.148668,3.18854,0.528228,-0.185513,3.40613,0.557991,-0.185501,3.40279,0.558084,-0.155566,3.40373,0.528321,-0.155578,3.40706
-0.180672,1.53793,-1.17948,107.187,872440454,0.532173,-1.33898,3.18032,0.560543,-1.33884,3.17696,0.561332,-1.31136,3.18472,0.532962,-1.3115,3.18808,0.557309,-1.40034,3.39009,0.587051,-1.4002,3.38657,0.587878,-1.37139,3.3947,0.558136,-1.37153,3.39822
-0.0218672,1.52994,-1.16094,-2.53735,872440582,0.561163,-1.33899,3.17746,0.589511,-1.33881,3.17392,0.590305,-1.31133,3.18168,0.561957,-1.3115,3.18521,0.587671,-1.40034,3.38706,0.617391,-1.40016,3.38336,0.618223,-1.37134,3.39149,0.588503,-1.37153,3.39519
1.33795,2.34218,-0.366726,-9.04823,872440619,0.561496,-0.235423,3.17979,0.589844,-0.2354,3.17626,0.589977,-0.20686,3.1775,0.56163,-0.206882,3.18104,0.588725,-0.246474,3.39783,0.618444,-0.246451,3.39412,0.618584,-0.21653,3.39543,0.588864,-0.216553,3.39914
2.55903,2.18576,-0.578683,-0.266858,872440741,0.594636,-0.412055,3.19575,0.622957,-0.412055,3.19199,0.623263,-0.383583,3.19431,0.594943,-0.383583,3.19806,0.623437,-0.431382,3.413,0.653127,-0.431382,3.40907,0.653448,-0.401532,3.41149,0.623758,-0.401532,3.41542
0.67332,2.0256,0.782865,10.5854,872440775,0.625147,0.593493,3.20865,0.624676,0.621836,3.2051,0.596356,0.621836,3.20886,0.596827,0.593493,3.21241,0.655224,0.621064,3.42484,0.65473,0.650778,3.42112,0.625041,0.650778,3.42506,0.625534,0.621064,3.42878
0.810705,2.18281,0.0616713,-7.69152,872441268,0.738191,0.0304272,3.17475,0.738163,0.0589946,3.17458,0.709946,0.0589946,3.17904,0.709974,0.0304271,3.17922,0.773931,0.0318103,3.39183,0.773901,0.0617597,3.39164,0.744319,0.0617596,3.39632,0.744348,0.0318102,3.39651
0.773762,2.05696,0.502186,12.3314,872441280,0.738671,0.383543,3.17837,0.738352,0.412016,3.17606,0.710135,0.412061,3.18053,0.710454,0.383588,3.18283,0.774324,0.401486,3.39472,0.773989,0.431336,3.3923,0.744407,0.431383,3.39698,0.744742,0.401533,3.3994
0.947988,2.05758,0.42057,5.59753,872441406,0.773766,0.325448,3.20159,0.773443,0.353947,3.19964,0.74526,0.353947,3.20432,0.745583,0.325448,3.20626,0.811069,0.34064,3.41787,0.81073,0.370519,3.41583,0.781184,0.370519,3.42074,0.781523,0.34064,3.42278
0.67021,1.99627,0.542872,26.551,872441410,0.774798,0.444612,3.20785,0.774357,0.473053,3.2052,0.746175,0.473053,3.20988,0.746616,0.444612,3.21253,0.812037,0.465314,3.42369,0.811575,0.495131,3.42091,0.78203,0.495131,3.42581,0.782492,0.465314,3.42859
0.493061,1.61826,0.959781,10.3631,872441431,0.776631,1.074,3.21922,0.77558,1.10184,3.2129,0.747399,1.10184,3.21759,0.748451,1.074,3.22391,0.813187,1.12334,3.43048,0.812084,1.15253,3.42386,0.782541,1.15253,3.42877,0.783643,1.12334,3.4354
0.849022,1.9963,-0.117346,12.3485,872441903,0.859259,-0.117237,3.17962,0.887315,-0.117237,3.17423,0.887417,-0.0886745,3.17476,0.859361,-0.0886746,3.18015,0.900708,-0.122767,3.39561,0.930121,-0.122767,3.38997,0.930228,-0.092822,3.39052,0.900814,-0.092822,3.39616
0.288898,1.58382,-0.723248,17.8138,872442516,1.01383,-0.921902,3.20224,1.04169,-0.921767,3.19595,1.04274,-0.893705,3.2012,1.01488,-0.89384,3.20749,1.06159,-0.964466,3.41274,1.0908,-0.964325,3.40614,1.0919,-0.934906,3.41164,1.06269,-0.935047,3.41824
0.683563,1.81024,-0.294207,15.4167,872442536,1.01105,-0.324903,3.18813,1.03892,-0.324858,3.18183,1.03927,-0.296346,3.18359,1.01141,-0.296391,3.18989,1.05946,-0.340091,3.4022,1.08868,-0.340044,3.3956,1.08905,-0.310153,3.39745,1.05983,-0.3102,3.40405
0.67929,1.60932,0.653545,0.254048,872442702,1.07841,0.800707,3.21493,1.07731,0.828865,3.21023,1.04949,0.828865,3.21674,1.05059,0.800707,3.22144,1.12914,0.837847,3.42576,1.12799,0.867367,3.42083,1.09883,0.867367,3.42766,1.09998,0.837847,3.43258
0.846551,1.66914,-0.401599,6.96092,872443042,1.13444,-0.502031,3.19623,1.16213,-0.50198,3.18921,1.16279,-0.473556,3.192,1.1351,-0.473607,3.19902,1.18827,-0.52548,3.40826,1.2173,-0.525427,3.40089,1.21799,-0.495628,3.40382,1.18896,-0.495682,3.41118
0.368534,1.54347,0.370843,15.2789,872443844,1.34313,0.502537,3.18246,1.34234,0.530942,3.17952,1.31493,0.53101,3.1876,1.31573,0.502604,3.19054,1.4064,0.52598,3.39186,1.40557,0.555759,3.38878,1.37684,0.55583,3.39725,1.37768,0.526051,3.40033
0.500191,1.57962,0.139202,5.8641,872443961,1.38453,0.177772,3.21234,1.38422,0.206319,3.21131,1.35687,0.206319,3.21958,1.35718,0.177772,3.22061,1.4495,0.186064,3.42236,1.44917,0.215992,3.42128,1.42051,0.215992,3.42995,1.42083,0.186064,3.43104
0.963239,1.57666,0.159995,5.32398,872443962,1.38427,0.20688,3.21148,1.3839,0.23542,3.21027,1.35656,0.23542,3.21855,1.35692,0.20688,3.21975,1.44922,0.216553,3.42145,1.44884,0.246474,3.42019,1.42017,0.246474,3.42886,1.42056,0.216553,3.43012
